0 0
0.000976562 0.0213418
0.00195312 0.0312466
0.00292969 0.0369651
0.00390625 0.0457482
0.00488281 0.0484022
0.00585938 0.0541207
0.00683594 0.0609609
0.0078125 0.06698
0.00878906 0.0673906
0.00976562 0.0708657
0.0107422 0.0754625
0.0117188 0.0792382
0.0126953 0.0846562
0.0136719 0.089253
0.0146484 0.0935493
0.015625 0.0980655
0.0166016 0.0968338
0.0175781 0.0986667
0.0185547 0.101621
0.0195312 0.103755
0.0205078 0.10753
0.0214844 0.110485
0.0224609 0.113139
0.0234375 0.116013
0.0244141 0.12039
0.0253906 0.123945
0.0263672 0.1272
0.0273438 0.130675
0.0283203 0.133711
0.0292969 0.136966
0.0302734 0.140301
0.03125 0.143578
0.0322266 0.141144
0.0332031 0.141775
0.0341797 0.143527
0.0351562 0.144458
0.0361328 0.147031
0.0371094 0.148784
0.0380859 0.150236
0.0390625 0.151907
0.0400391 0.155082
0.0410156 0.157435
0.0419922 0.159488
0.0429688 0.161761
0.0439453 0.163594
0.0449219 0.165647
0.0458984 0.16778
0.046875 0.169855
0.0478516 0.173469
0.0488281 0.176263
0.0498047 0.178755
0.0507812 0.181468
0.0517578 0.183741
0.0527344 0.186234
0.0537109 0.188808
0.0546875 0.191322
0.0556641 0.193434
0.0566406 0.195766
0.0576172 0.198178
0.0585938 0.200532
0.0595703 0.203003
0.0605469 0.205415
0.0615234 0.207806
0.0625 0.210213
0.0634766 0.206899
0.0644531 0.206649
0.0654297 0.207521
0.0664062 0.207572
0.0673828 0.209266
0.0683594 0.210138
0.0693359 0.21071
0.0703125 0.211501
0.0712891 0.213796
0.0722656 0.215269
0.0732422 0.216442
0.0742188 0.217835
0.0751953 0.218787
0.0761719 0.21996
0.0771484 0.221213
0.078125 0.222408
0.0791016 0.225142
0.0800781 0.227056
0.0810547 0.228668
0.0820312 0.230501
0.0830078 0.231894
0.0839844 0.233507
0.0849609 0.2352
0.0859375 0.236835
0.0869141 0.238066
0.0878906 0.239518
0.0888672 0.24105
0.0898438 0.242524
0.0908203 0.244115
0.0917969 0.245647
0.0927734 0.247158
0.09375 0.248684
0.0947266 0.251741
0.0957031 0.253976
0.0966797 0.255911
0.0976562 0.258066
0.0986328 0.259781
0.0996094 0.261716
0.100586 0.263732
0.101562 0.265688
0.102539 0.267242
0.103516 0.269016
0.104492 0.27087
0.105469 0.272666
0.106445 0.274579
0.107422 0.276434
0.108398 0.278266
0.109375 0.280115
0.110352 0.281551
0.111328 0.283207
0.112305 0.284943
0.113281 0.286621
0.114258 0.288416
0.115234 0.290153
0.116211 0.291868
0.117188 0.293599
0.118164 0.295437
0.119141 0.297217
0.120117 0.298975
0.121094 0.300749
0.12207 0.302491
0.123047 0.304249
0.124023 0.306013
0.125 0.307773
0.125977 0.303814
0.126953 0.302921
0.12793 0.303149
0.128906 0.302555
0.129883 0.303604
0.130859 0.303832
0.131836 0.30376
0.132812 0.303907
0.133789 0.305557
0.134766 0.306386
0.135742 0.306915
0.136719 0.307663
0.137695 0.307972
0.138672 0.3085
0.139648 0.309109
0.140625 0.309659
0.141602 0.31175
0.142578 0.313019
0.143555 0.313987
0.144531 0.315176
0.145508 0.315924
0.146484 0.316893
0.147461 0.317942
0.148438 0.318932
0.149414 0.319519
0.150391 0.320327
0.151367 0.321215
0.152344 0.322044
0.15332 0.322991
0.154297 0.323879
0.155273 0.324745
0.15625 0.325627
0.157227 0.32804
0.158203 0.329631
0.15918 0.330922
0.160156 0.332432
0.161133 0.333503
0.162109 0.334794
0.163086 0.336165
0.164062 0.337477
0.165039 0.338387
0.166016 0.339516
0.166992 0.340726
0.167969 0.341878
0.168945 0.343147
0.169922 0.344357
0.170898 0.345545
0.171875 0.34675
0.172852 0.347541
0.173828 0.348553
0.174805 0.349645
0.175781 0.350679
0.176758 0.35183
0.177734 0.352922
0.178711 0.353993
0.179688 0.355079
0.180664 0.356273
0.181641 0.357409
0.182617 0.358523
0.183594 0.359652
0.18457 0.36075
0.185547 0.361864
0.186523 0.362984
0.1875 0.364099
0.188477 0.366747
0.189453 0.368574
0.19043 0.370101
0.191406 0.371847
0.192383 0.373154
0.193359 0.37468
0.194336 0.376287
0.195312 0.377835
0.196289 0.378981
0.197266 0.380346
0.198242 0.381792
0.199219 0.383179
0.200195 0.384684
0.201172 0.38613
0.202148 0.387554
0.203125 0.388995
0.204102 0.390022
0.205078 0.39127
0.206055 0.392598
0.207031 0.393867
0.208008 0.395254
0.208984 0.396582
0.209961 0.397888
0.210938 0.39921
0.211914 0.400641
0.212891 0.402012
0.213867 0.403361
0.214844 0.404727
0.21582 0.406061
0.216797 0.40741
0.217773 0.408766
0.21875 0.410117
0.219727 0.411058
0.220703 0.412219
0.22168 0.413461
0.222656 0.414644
0.223633 0.415944
0.224609 0.417186
0.225586 0.418406
0.226562 0.419642
0.227539 0.420986
0.228516 0.422271
0.229492 0.423534
0.230469 0.424813
0.231445 0.426061
0.232422 0.427324
0.233398 0.428593
0.234375 0.429858
0.235352 0.431234
0.236328 0.43255
0.237305 0.433845
0.238281 0.435156
0.239258 0.436435
0.240234 0.43773
0.241211 0.43903
0.242188 0.440327
0.243164 0.441594
0.244141 0.442878
0.245117 0.444167
0.246094 0.445452
0.24707 0.446745
0.248047 0.448034
0.249023 0.449322
0.25 0.450611
0.250977 0.446181
0.251953 0.444815
0.25293 0.444571
0.253906 0.443507
0.254883 0.444084
0.255859 0.44384
0.256836 0.443296
0.257812 0.442972
0.258789 0.44415
0.259766 0.444508
0.260742 0.444565
0.261719 0.444841
0.262695 0.444678
0.263672 0.444735
0.264648 0.444872
0.265625 0.444951
0.266602 0.446569
0.267578 0.447367
0.268555 0.447864
0.269531 0.448581
0.270508 0.448858
0.271484 0.449354
0.272461 0.449932
0.273438 0.45045
0.274414 0.450566
0.275391 0.450902
0.276367 0.451318
0.277344 0.451676
0.27832 0.452151
0.279297 0.452567
0.280273 0.452962
0.28125 0.453373
0.282227 0.455313
0.283203 0.456433
0.28418 0.457252
0.285156 0.458291
0.286133 0.45889
0.287109 0.459709
0.288086 0.460609
0.289062 0.461449
0.290039 0.461887
0.291016 0.462545
0.291992 0.463284
0.292969 0.463963
0.293945 0.464761
0.294922 0.465499
0.295898 0.466216
0.296875 0.466949
0.297852 0.467269
0.298828 0.467809
0.299805 0.468429
0.300781 0.468991
0.301758 0.469671
0.302734 0.470291
0.303711 0.47089
0.304688 0.471505
0.305664 0.472228
0.306641 0.472891
0.307617 0.473534
0.308594 0.474191
0.30957 0.474818
0.310547 0.47546
0.311523 0.476108
0.3125 0.476752
0.313477 0.478928
0.314453 0.480284
0.31543 0.481338
0.316406 0.482613
0.317383 0.483448
0.318359 0.484503
0.319336 0.485638
0.320312 0.486715
0.321289 0.487389
0.322266 0.488282
0.323242 0.489257
0.324219 0.490172
0.325195 0.491205
0.326172 0.49218
0.327148 0.493132
0.328125 0.494101
0.329102 0.494657
0.330078 0.495433
0.331055 0.496289
0.332031 0.497086
0.333008 0.498002
0.333984 0.498858
0.334961 0.499693
0.335938 0.500544
0.336914 0.501502
0.337891 0.502402
0.338867 0.50328
0.339844 0.504173
0.34082 0.505036
0.341797 0.505914
0.342773 0.506797
0.34375 0.507677
0.344727 0.508146
0.345703 0.508836
0.34668 0.509606
0.347656 0.510317
0.348633 0.511146
0.349609 0.511916
0.350586 0.512665
0.351562 0.513429
0.352539 0.514301
0.353516 0.515115
0.354492 0.515906
0.355469 0.516714
0.356445 0.51749
0.357422 0.518281
0.358398 0.519079
0.359375 0.519872
0.360352 0.520776
0.361328 0.521621
0.362305 0.522444
0.363281 0.523283
0.364258 0.52409
0.365234 0.524914
0.366211 0.525743
0.367188 0.526567
0.368164 0.527363
0.369141 0.528175
0.370117 0.528993
0.371094 0.529806
0.37207 0.530628
0.373047 0.531445
0.374023 0.532261
0.375 0.533078
0.375977 0.535427
0.376953 0.536955
0.37793 0.538183
0.378906 0.53963
0.379883 0.540638
0.380859 0.541865
0.381836 0.543173
0.382812 0.544422
0.383789 0.545269
0.384766 0.546335
0.385742 0.547482
0.386719 0.54857
0.387695 0.549776
0.388672 0.550923
0.389648 0.552048
0.390625 0.553189
0.391602 0.553918
0.392578 0.554866
0.393555 0.555895
0.394531 0.556865
0.395508 0.557953
0.396484 0.558982
0.397461 0.55999
0.398438 0.561013
0.399414 0.562144
0.400391 0.563217
0.401367 0.564267
0.402344 0.565334
0.40332 0.566368
0.404297 0.567419
0.405273 0.568475
0.40625 0.569528
0.407227 0.57017
0.408203 0.571032
0.40918 0.571975
0.410156 0.572858
0.411133 0.57386
0.412109 0.574803
0.413086 0.575724
0.414062 0.576661
0.415039 0.577706
0.416016 0.578692
0.416992 0.579656
0.417969 0.580636
0.418945 0.581584
0.419922 0.582549
0.420898 0.583519
0.421875 0.584485
0.422852 0.585561
0.423828 0.586579
0.424805 0.587574
0.425781 0.588586
0.426758 0.589566
0.427734 0.590562
0.428711 0.591564
0.429688 0.592561
0.430664 0.59353
0.431641 0.594514
0.432617 0.595504
0.433594 0.59649
0.43457 0.597484
0.435547 0.598475
0.436523 0.599463
0.4375 0.600453
0.438477 0.601032
0.439453 0.601831
0.44043 0.60271
0.441406 0.603531
0.442383 0.604469
0.443359 0.605349
0.444336 0.606207
0.445312 0.607081
0.446289 0.608062
0.447266 0.608985
0.448242 0.609886
0.449219 0.610803
0.450195 0.611688
0.451172 0.612589
0.452148 0.613496
0.453125 0.614399
0.454102 0.615412
0.455078 0.616366
0.456055 0.617299
0.457031 0.618248
0.458008 0.619165
0.458984 0.620097
0.459961 0.621036
0.460938 0.62197
0.461914 0.622875
0.462891 0.623797
0.463867 0.624723
0.464844 0.625646
0.46582 0.626577
0.466797 0.627504
0.467773 0.62843
0.46875 0.629356
0.469727 0.630392
0.470703 0.63137
0.47168 0.632326
0.472656 0.633297
0.473633 0.634237
0.474609 0.635193
0.475586 0.636155
0.476562 0.637112
0.477539 0.638041
0.478516 0.638985
0.479492 0.639935
0.480469 0.640881
0.481445 0.641835
0.482422 0.642785
0.483398 0.643734
0.484375 0.644683
0.485352 0.645603
0.486328 0.646539
0.487305 0.647481
0.488281 0.648418
0.489258 0.649364
0.490234 0.650305
0.491211 0.651246
0.492188 0.652187
0.493164 0.653136
0.494141 0.65408
0.495117 0.655023
0.496094 0.655968
0.49707 0.65691
0.498047 0.657853
0.499023 0.658796
0.5 0.65974
0.500977 0.654964
0.501953 0.653254
0.50293 0.652665
0.503906 0.651255
0.504883 0.651487
0.505859 0.650898
0.506836 0.650008
0.507812 0.649339
0.508789 0.650172
0.509766 0.650184
0.510742 0.649896
0.511719 0.649827
0.512695 0.649319
0.513672 0.64903
0.514648 0.648822
0.515625 0.648556
0.516602 0.649829
0.517578 0.650281
0.518555 0.650433
0.519531 0.650804
0.520508 0.650736
0.521484 0.650888
0.522461 0.65112
0.523438 0.651293
0.524414 0.651063
0.525391 0.651054
0.526367 0.651125
0.527344 0.651137
0.52832 0.651267
0.529297 0.651338
0.530273 0.651388
0.53125 0.651453
0.532227 0.653049
0.533203 0.653823
0.53418 0.654297
0.535156 0.654991
0.536133 0.655244
0.537109 0.655718
0.538086 0.656272
0.539062 0.656768
0.540039 0.65686
0.541016 0.657173
0.541992 0.657566
0.542969 0.657901
0.543945 0.658353
0.544922 0.658746
0.545898 0.659118
0.546875 0.659505
0.547852 0.65948
0.548828 0.659675
0.549805 0.65995
0.550781 0.660166
0.551758 0.6605
0.552734 0.660776
0.553711 0.66103
0.554688 0.661299
0.555664 0.661676
0.556641 0.661995
0.557617 0.662292
0.558594 0.662605
0.55957 0.662886
0.560547 0.663183
0.561523 0.663485
0.5625 0.663784
0.563477 0.665615
0.564453 0.666625
0.56543 0.667335
0.566406 0.668264
0.567383 0.668754
0.568359 0.669463
0.569336 0.670254
0.570312 0.670985
0.571289 0.671313
0.572266 0.671862
0.573242 0.672491
0.574219 0.673061
0.575195 0.673749
0.576172 0.674378
0.577148 0.674985
0.578125 0.675609
0.579102 0.675819
0.580078 0.67625
0.581055 0.676761
0.582031 0.677213
0.583008 0.677783
0.583984 0.678294
0.584961 0.678784
0.585938 0.679289
0.586914 0.679902
0.587891 0.680457
0.588867 0.680989
0.589844 0.681538
0.59082 0.682055
0.591797 0.682588
0.592773 0.683126
0.59375 0.68366
0.594727 0.683785
0.595703 0.684129
0.59668 0.684554
0.597656 0.68492
0.598633 0.685403
0.599609 0.685828
0.600586 0.686231
0.601562 0.686651
0.602539 0.687177
0.603516 0.687645
0.604492 0.688092
0.605469 0.688554
0.606445 0.688985
0.607422 0.689431
0.608398 0.689883
0.609375 0.690331
0.610352 0.69089
0.611328 0.691389
0.612305 0.691867
0.613281 0.692361
0.614258 0.692823
0.615234 0.693301
0.616211 0.693785
0.617188 0.694265
0.618164 0.694715
0.619141 0.695182
0.620117 0.695654
0.621094 0.696122
0.62207 0.696598
0.623047 0.69707
0.624023 0.697541
0.625 0.698013
0.625977 0.700017
0.626953 0.7012
0.62793 0.702082
0.628906 0.703184
0.629883 0.703846
0.630859 0.704728
0.631836 0.705691
0.632812 0.706595
0.633789 0.707096
0.634766 0.707817
0.635742 0.708619
0.636719 0.709362
0.637695 0.710222
0.638672 0.711024
0.639648 0.711804
0.640625 0.7126
0.641602 0.712983
0.642578 0.713586
0.643555 0.71427
0.644531 0.714895
0.645508 0.715638
0.646484 0.716321
0.647461 0.716984
0.648438 0.717662
0.649414 0.718448
0.650391 0.719174
0.651367 0.71988
0.652344 0.720601
0.65332 0.721291
0.654297 0.721996
0.655273 0.722707
0.65625 0.723414
0.657227 0.723711
0.658203 0.724228
0.65918 0.724825
0.660156 0.725364
0.661133 0.72602
0.662109 0.726618
0.663086 0.727193
0.664062 0.727785
0.665039 0.728485
0.666016 0.729125
0.666992 0.729744
0.667969 0.730379
0.668945 0.730982
0.669922 0.731601
0.670898 0.732226
0.671875 0.732847
0.672852 0.733578
0.673828 0.73425
0.674805 0.734901
0.675781 0.735567
0.676758 0.736202
0.677734 0.736853
0.678711 0.737509
0.679688 0.738161
0.680664 0.738784
0.681641 0.739424
0.682617 0.740068
0.683594 0.740709
0.68457 0.741358
0.685547 0.742003
0.686523 0.742646
0.6875 0.743291
0.688477 0.743524
0.689453 0.743978
0.69043 0.744512
0.691406 0.744988
0.692383 0.745581
0.693359 0.746115
0.694336 0.746628
0.695312 0.747156
0.696289 0.747793
0.697266 0.74837
0.698242 0.748926
0.699219 0.749498
0.700195 0.750038
0.701172 0.750593
0.702148 0.751155
0.703125 0.751713
0.704102 0.75238
0.705078 0.75299
0.706055 0.753577
0.707031 0.75418
0.708008 0.754752
0.708984 0.755339
0.709961 0.755932
0.710938 0.756521
0.711914 0.757082
0.712891 0.757657
0.713867 0.758239
0.714844 0.758816
0.71582 0.759402
0.716797 0.759984
0.717773 0.760564
0.71875 0.761145
0.719727 0.761836
0.720703 0.762469
0.72168 0.763079
0.722656 0.763706
0.723633 0.7643
0.724609 0.764911
0.725586 0.765527
0.726562 0.766139
0.727539 0.766723
0.728516 0.767322
0.729492 0.767926
0.730469 0.768527
0.731445 0.769136
0.732422 0.769741
0.733398 0.770344
0.734375 0.770948
0.735352 0.771523
0.736328 0.772114
0.737305 0.77271
0.738281 0.773302
0.739258 0.773903
0.740234 0.774499
0.741211 0.775094
0.742188 0.77569
0.743164 0.776293
0.744141 0.776893
0.745117 0.77749
0.746094 0.778089
0.74707 0.778686
0.748047 0.779284
0.749023 0.779882
0.75 0.78048
0.750977 0.782611
0.751953 0.78392
0.75293 0.784928
0.753906 0.786157
0.754883 0.786946
0.755859 0.787954
0.756836 0.789043
0.757812 0.790073
0.758789 0.790701
0.759766 0.791548
0.760742 0.792477
0.761719 0.793346
0.762695 0.794333
0.763672 0.795261
0.764648 0.796167
0.765625 0.797089
0.766602 0.797599
0.767578 0.798329
0.768555 0.799139
0.769531 0.79989
0.770508 0.800759
0.771484 0.801569
0.772461 0.802358
0.773438 0.803162
0.774414 0.804074
0.775391 0.804928
0.776367 0.805759
0.777344 0.806607
0.77832 0.807423
0.779297 0.808255
0.780273 0.809092
0.78125 0.809925
0.782227 0.810349
0.783203 0.810992
0.78418 0.811716
0.785156 0.812381
0.786133 0.813163
0.787109 0.813887
0.788086 0.81459
0.789062 0.815308
0.790039 0.816134
0.791016 0.816901
0.791992 0.817646
0.792969 0.818407
0.793945 0.819137
0.794922 0.819882
0.795898 0.820633
0.796875 0.82138
0.797852 0.822238
0.798828 0.823036
0.799805 0.823813
0.800781 0.824606
0.801758 0.825367
0.802734 0.826144
0.803711 0.826927
0.804688 0.827706
0.805664 0.828455
0.806641 0.829221
0.807617 0.829992
0.808594 0.830759
0.80957 0.831535
0.810547 0.832306
0.811523 0.833075
0.8125 0.833846
0.813477 0.834206
0.814453 0.834786
0.81543 0.835447
0.816406 0.836049
0.817383 0.836768
0.818359 0.837429
0.819336 0.838068
0.820312 0.838723
0.821289 0.839486
0.822266 0.840189
0.823242 0.840872
0.824219 0.84157
0.825195 0.842236
0.826172 0.842918
0.827148 0.843606
0.828125 0.84429
0.829102 0.845084
0.830078 0.84582
0.831055 0.846534
0.832031 0.847263
0.833008 0.847961
0.833984 0.848675
0.834961 0.849395
0.835938 0.85011
0.836914 0.850796
0.837891 0.851499
0.838867 0.852207
0.839844 0.852911
0.84082 0.853623
0.841797 0.854331
0.842773 0.855037
0.84375 0.855745
0.844727 0.856562
0.845703 0.857321
0.84668 0.858058
0.847656 0.858811
0.848633 0.859532
0.849609 0.860269
0.850586 0.861011
0.851562 0.86175
0.852539 0.86246
0.853516 0.863185
0.854492 0.863916
0.855469 0.864643
0.856445 0.865378
0.857422 0.86611
0.858398 0.866839
0.859375 0.86757
0.860352 0.868271
0.861328 0.868988
0.862305 0.869711
0.863281 0.870429
0.864258 0.871156
0.865234 0.871879
0.866211 0.8726
0.867188 0.873322
0.868164 0.874052
0.869141 0.874778
0.870117 0.875502
0.871094 0.876228
0.87207 0.876951
0.873047 0.877675
0.874023 0.8784
0.875 0.879124
0.875977 0.879438
0.876953 0.879972
0.87793 0.880586
0.878906 0.881141
0.879883 0.881815
0.880859 0.882429
0.881836 0.883022
0.882812 0.883631
0.883789 0.884347
0.884766 0.885005
0.885742 0.885641
0.886719 0.886292
0.887695 0.886913
0.888672 0.887548
0.889648 0.88819
0.890625 0.888828
0.891602 0.889576
0.892578 0.890265
0.893555 0.890933
0.894531 0.891616
0.895508 0.892268
0.896484 0.892935
0.897461 0.893609
0.898438 0.894278
0.899414 0.894918
0.900391 0.895574
0.901367 0.896236
0.902344 0.896893
0.90332 0.897559
0.904297 0.898221
0.905273 0.898881
0.90625 0.899543
0.907227 0.900314
0.908203 0.901026
0.90918 0.901717
0.910156 0.902423
0.911133 0.903098
0.912109 0.903789
0.913086 0.904485
0.914062 0.905177
0.915039 0.905841
0.916016 0.90652
0.916992 0.907205
0.917969 0.907885
0.918945 0.908575
0.919922 0.90926
0.920898 0.909943
0.921875 0.910627
0.922852 0.911282
0.923828 0.911953
0.924805 0.912629
0.925781 0.913302
0.926758 0.913982
0.927734 0.914659
0.928711 0.915334
0.929688 0.91601
0.930664 0.916693
0.931641 0.917373
0.932617 0.918051
0.933594 0.91873
0.93457 0.919407
0.935547 0.920085
0.936523 0.920763
0.9375 0.921441
0.938477 0.922229
0.939453 0.922959
0.94043 0.923666
0.941406 0.92439
0.942383 0.925082
0.943359 0.925789
0.944336 0.926503
0.945312 0.927212
0.946289 0.927892
0.947266 0.928588
0.948242 0.92929
0.949219 0.929987
0.950195 0.930693
0.951172 0.931395
0.952148 0.932096
0.953125 0.932797
0.954102 0.933469
0.955078 0.934156
0.956055 0.93485
0.957031 0.935539
0.958008 0.936237
0.958984 0.93693
0.959961 0.937622
0.960938 0.938315
0.961914 0.939015
0.962891 0.939712
0.963867 0.940407
0.964844 0.941103
0.96582 0.941797
0.966797 0.942492
0.967773 0.943187
0.96875 0.943882
0.969727 0.944547
0.970703 0.945229
0.97168 0.945916
0.972656 0.946599
0.973633 0.94729
0.974609 0.947978
0.975586 0.948663
0.976562 0.94935
0.977539 0.950044
0.978516 0.950735
0.979492 0.951423
0.980469 0.952113
0.981445 0.952801
0.982422 0.95349
0.983398 0.954179
0.984375 0.954868
0.985352 0.955564
0.986328 0.956257
0.987305 0.956948
0.988281 0.95764
0.989258 0.95833
0.990234 0.959021
0.991211 0.959712
0.992188 0.960403
0.993164 0.961092
0.994141 0.961783
0.995117 0.962473
0.996094 0.963163
0.99707 0.963854
0.998047 0.964545
0.999023 0.965235
1 0.965926
1.00098 0.923933
1.00195 0.904814
1.00293 0.894067
1.00391 0.877192
1.00488 0.872574
1.00586 0.861828
1.00684 0.848838
1.00781 0.83749
1.00879 0.837359
1.00977 0.8311
1.01074 0.822597
1.01172 0.815736
1.0127 0.80559
1.01367 0.797087
1.01465 0.789185
1.01562 0.780843
1.0166 0.783997
1.01758 0.781022
1.01855 0.775804
1.01953 0.772227
1.02051 0.765366
1.02148 0.760148
1.02246 0.755531
1.02344 0.750473
1.02441 0.74241
1.02539 0.735989
1.02637 0.73017
1.02734 0.72391
1.02832 0.71853
1.0293 0.712711
1.03027 0.70673
1.03125 0.700867
1.03223 0.706425
1.0332 0.705855
1.03418 0.703041
1.03516 0.701869
1.03613 0.697413
1.03711 0.694599
1.03809 0.692386
1.03906 0.689733
1.04004 0.684074
1.04102 0.680058
1.04199 0.676643
1.04297 0.672787
1.04395 0.669812
1.04492 0.666397
1.0459 0.662821
1.04688 0.659362
1.04785 0.652824
1.04883 0.647927
1.0498 0.643632
1.05078 0.638897
1.05176 0.635042
1.05273 0.630746
1.05371 0.62629
1.05469 0.621951
1.05566 0.618418
1.05664 0.614445
1.05762 0.610311
1.05859 0.606295
1.05957 0.602043
1.06055 0.597908
1.06152 0.593817
1.0625 0.589695
1.06348 0.597013
1.06445 0.598203
1.06543 0.597149
1.06641 0.597737
1.06738 0.595041
1.06836 0.593987
1.06934 0.593535
1.07031 0.592642
1.07129 0.588743
1.07227 0.586487
1.07324 0.584832
1.07422 0.582737
1.0752 0.581522
1.07617 0.579867
1.07715 0.578051
1.07812 0.576353
1.0791 0.571575
1.08008 0.568438
1.08105 0.565903
1.08203 0.562928
1.08301 0.560833
1.08398 0.558298
1.08496 0.555602
1.08594 0.553024
1.08691 0.551251
1.08789 0.549038
1.08887 0.546664
1.08984 0.544408
1.09082 0.541916
1.0918 0.539542
1.09277 0.537211
1.09375 0.534849
1.09473 0.529426
1.0957 0.525645
1.09668 0.522466
1.09766 0.518847
1.09863 0.516107
1.09961 0.512928
1.10059 0.509587
1.10156 0.506365
1.10254 0.503948
1.10352 0.501091
1.10449 0.498072
1.10547 0.495172
1.10645 0.492036
1.10742 0.489017
1.1084 0.486042
1.10938 0.483036
1.11035 0.480854
1.11133 0.478233
1.1123 0.47545
1.11328 0.472786
1.11426 0.469885
1.11523 0.467103
1.11621 0.464364
1.11719 0.461593
1.11816 0.458606
1.11914 0.455737
1.12012 0.452912
1.12109 0.450054
1.12207 0.44726
1.12305 0.444435
1.12402 0.441597
1.125 0.438769
1.12598 0.447376
1.12695 0.449854
1.12793 0.450089
1.12891 0.451966
1.12988 0.450558
1.13086 0.450793
1.13184 0.451629
1.13281 0.452024
1.13379 0.449414
1.13477 0.448447
1.13574 0.448081
1.13672 0.447274
1.1377 0.447348
1.13867 0.446981
1.13965 0.446454
1.14062 0.446044
1.1416 0.442554
1.14258 0.440707
1.14355 0.43946
1.14453 0.437773
1.14551 0.436967
1.14648 0.43572
1.14746 0.434313
1.14844 0.433023
1.14941 0.432539
1.15039 0.431614
1.15137 0.430529
1.15234 0.429561
1.15332 0.428358
1.1543 0.427273
1.15527 0.42623
1.15625 0.425156
1.15723 0.421022
1.1582 0.41853
1.15918 0.416639
1.16016 0.414309
1.16113 0.412858
1.16211 0.410967
1.16309 0.408915
1.16406 0.406981
1.16504 0.405853
1.16602 0.404284
1.16699 0.402554
1.16797 0.400942
1.16895 0.399095
1.16992 0.397365
1.1709 0.395678
1.17188 0.39396
1.17285 0.393067
1.17383 0.391735
1.1748 0.390241
1.17578 0.388865
1.17676 0.387253
1.17773 0.385759
1.17871 0.384308
1.17969 0.382826
1.18066 0.381128
1.18164 0.379547
1.18262 0.37801
1.18359 0.376442
1.18457 0.374936
1.18555 0.373399
1.18652 0.37185
1.1875 0.37031
1.18848 0.365704
1.18945 0.362741
1.19043 0.360378
1.19141 0.357576
1.19238 0.355654
1.19336 0.353291
1.19434 0.350768
1.19531 0.348362
1.19629 0.346762
1.19727 0.344721
1.19824 0.34252
1.19922 0.340437
1.2002 0.338117
1.20117 0.335916
1.20215 0.333758
1.20312 0.331568
1.2041 0.330203
1.20508 0.328399
1.20605 0.326433
1.20703 0.324586
1.20801 0.322502
1.20898 0.320537
1.20996 0.318614
1.21094 0.31666
1.21191 0.31449
1.21289 0.312439
1.21387 0.31043
1.21484 0.30839
1.21582 0.306412
1.2168 0.304404
1.21777 0.302383
1.21875 0.300372
1.21973 0.29918
1.2207 0.297548
1.22168 0.295755
1.22266 0.29408
1.22363 0.292169
1.22461 0.290376
1.22559 0.288626
1.22656 0.286845
1.22754 0.284848
1.22852 0.282969
1.22949 0.281133
1.23047 0.279265
1.23145 0.27746
1.23242 0.275624
1.2334 0.273777
1.23438 0.271938
1.23535 0.269877
1.23633 0.267935
1.2373 0.266035
1.23828 0.264105
1.23926 0.262237
1.24023 0.260338
1.24121 0.258427
1.24219 0.256524
1.24316 0.25468
1.24414 0.252804
1.24512 0.250916
1.24609 0.249037
1.24707 0.247141
1.24805 0.245253
1.24902 0.243368
1.25 0.241481
1.25098 0.251032
1.25195 0.254453
1.25293 0.255631
1.25391 0.258452
1.25488 0.257987
1.25586 0.259165
1.25684 0.260944
1.25781 0.262283
1.25879 0.260617
1.25977 0.260593
1.26074 0.261169
1.26172 0.261306
1.2627 0.262323
1.26367 0.2629
1.26465 0.263316
1.26562 0.263849
1.2666 0.261303
1.26758 0.260398
1.26855 0.260095
1.26953 0.259352
1.27051 0.259489
1.27148 0.259185
1.27246 0.258721
1.27344 0.258375
1.27441 0.258834
1.27539 0.258853
1.27637 0.25871
1.27734 0.258686
1.27832 0.258426
1.2793 0.258284
1.28027 0.258185
1.28125 0.258054
1.28223 0.254863
1.2832 0.253315
1.28418 0.252367
1.28516 0.25098
1.28613 0.250472
1.28711 0.249525
1.28809 0.248416
1.28906 0.247425
1.29004 0.24724
1.29102 0.246615
1.29199 0.245828
1.29297 0.24516
1.29395 0.244255
1.29492 0.243469
1.2959 0.242726
1.29688 0.241951
1.29785 0.242001
1.29883 0.241612
1.2998 0.241061
1.30078 0.240628
1.30176 0.23996
1.30273 0.239409
1.30371 0.238902
1.30469 0.238363
1.30566 0.237608
1.30664 0.236971
1.30762 0.236377
1.30859 0.235752
1.30957 0.235189
1.31055 0.234596
1.31152 0.23399
1.3125 0.233393
1.31348 0.229731
1.31445 0.227711
1.31543 0.226291
1.31641 0.224432
1.31738 0.223453
1.31836 0.222034
1.31934 0.220454
1.32031 0.218991
1.32129 0.218334
1.32227 0.217237
1.32324 0.215979
1.32422 0.214839
1.3252 0.213463
1.32617 0.212205
1.32715 0.21099
1.32812 0.209743
1.3291 0.209322
1.33008 0.208461
1.33105 0.207439
1.33203 0.206534
1.33301 0.205394
1.33398 0.204372
1.33496 0.203393
1.33594 0.202382
1.33691 0.201156
1.33789 0.200047
1.33887 0.198982
1.33984 0.197885
1.34082 0.196851
1.3418 0.195785
1.34277 0.194708
1.34375 0.19364
1.34473 0.193391
1.3457 0.192703
1.34668 0.191853
1.34766 0.191121
1.34863 0.190154
1.34961 0.189304
1.35059 0.188498
1.35156 0.18766
1.35254 0.186606
1.35352 0.18567
1.35449 0.184777
1.35547 0.183853
1.35645 0.182991
1.35742 0.182099
1.3584 0.181194
1.35938 0.180298
1.36035 0.179181
1.36133 0.178182
1.3623 0.177226
1.36328 0.176239
1.36426 0.175314
1.36523 0.174358
1.36621 0.173391
1.36719 0.172432
1.36816 0.17153
1.36914 0.170597
1.37012 0.169653
1.37109 0.168717
1.37207 0.167764
1.37305 0.16682
1.37402 0.165878
1.375 0.164935
1.37598 0.160927
1.37695 0.158562
1.37793 0.156797
1.37891 0.154593
1.37988 0.153268
1.38086 0.151504
1.38184 0.149578
1.38281 0.147771
1.38379 0.146768
1.38477 0.145326
1.38574 0.143723
1.38672 0.142237
1.3877 0.140516
1.38867 0.138913
1.38965 0.137353
1.39062 0.135761
1.3916 0.134994
1.39258 0.133788
1.39355 0.13242
1.39453 0.131171
1.39551 0.129685
1.39648 0.128318
1.39746 0.126993
1.39844 0.125637
1.39941 0.124066
1.40039 0.122612
1.40137 0.121201
1.40234 0.119759
1.40332 0.11838
1.4043 0.116969
1.40527 0.115547
1.40625 0.114133
1.40723 0.113539
1.4082 0.112505
1.40918 0.11131
1.41016 0.110233
1.41113 0.108921
1.41211 0.107726
1.41309 0.106574
1.41406 0.105391
1.41504 0.103991
1.41602 0.10271
1.41699 0.101472
1.41797 0.100202
1.41895 0.098996
1.41992 0.0977579
1.4209 0.0965083
1.42188 0.0952671
1.42285 0.0938048
1.42383 0.0924604
1.4248 0.0911591
1.42578 0.0898263
1.42676 0.0885566
1.42773 0.0872554
1.42871 0.0859426
1.42969 0.0846382
1.43066 0.0833917
1.43164 0.0821136
1.43262 0.0808239
1.43359 0.0795426
1.43457 0.0782445
1.43555 0.0769548
1.43652 0.0756682
1.4375 0.0743794
1.43848 0.0739119
1.43945 0.0730045
1.44043 0.071936
1.44141 0.0709853
1.44238 0.0697989
1.44336 0.0687304
1.44434 0.067705
1.44531 0.066648
1.44629 0.0653753
1.44727 0.0642204
1.44824 0.0631087
1.44922 0.0619655
1.4502 0.0608854
1.45117 0.0597737
1.45215 0.0586504
1.45312 0.0575356
1.4541 0.0561997
1.45508 0.0549817
1.45605 0.0538068
1.45703 0.0526003
1.45801 0.051457
1.45898 0.0502822
1.45996 0.0490957
1.46094 0.0479177
1.46191 0.0467976
1.46289 0.0456458
1.46387 0.0444825
1.46484 0.0433277
1.46582 0.0421559
1.4668 0.0409926
1.46777 0.0398324
1.46875 0.0386699
1.46973 0.0372877
1.4707 0.0360234
1.47168 0.0348023
1.47266 0.0335495
1.47363 0.03236
1.47461 0.0311389
1.47559 0.0299062
1.47656 0.0286819
1.47754 0.0275155
1.47852 0.0263175
1.47949 0.025108
1.48047 0.0239069
1.48145 0.0226888
1.48242 0.0214793
1.4834 0.0202728
1.48438 0.0190641
1.48535 0.0179146
1.48633 0.0167335
1.4873 0.0155409
1.48828 0.0143567
1.48926 0.0131556
1.49023 0.0119629
1.49121 0.0107734
1.49219 0.0095816
1.49316 0.0083743
1.49414 0.00717547
1.49512 0.00597973
1.49609 0.00478173
1.49707 0.00358826
1.49805 0.00239252
1.49902 0.00119596
1.5 5.55112e-17
1.50098 0.010241
1.50195 0.0143529
1.50293 0.0162214
1.50391 0.0197322
1.50488 0.0199584
1.50586 0.021827
1.50684 0.0242966
1.50781 0.0263262
1.50879 0.0253501
1.50977 0.0260164
1.51074 0.0272838
1.51172 0.0281111
1.5127 0.0298186
1.51367 0.031086
1.51465 0.0321923
1.51562 0.0334165
1.5166 0.0315604
1.51758 0.0313466
1.51855 0.0317339
1.51953 0.0316811
1.52051 0.0325085
1.52148 0.0328958
1.52246 0.033122
1.52344 0.0334661
1.52441 0.0346156
1.52539 0.035325
1.52637 0.0358734
1.52734 0.0365396
1.52832 0.0369701
1.5293 0.0375185
1.53027 0.03811
1.53125 0.0386699
1.53223 0.0361695
1.5332 0.0353114
1.53418 0.0350544
1.53516 0.0343574
1.53613 0.0345404
1.53711 0.0342835
1.53809 0.0338654
1.53906 0.0335653
1.54004 0.0340705
1.54102 0.0341356
1.54199 0.0340397
1.54297 0.0340617
1.54395 0.0338479
1.54492 0.033752
1.5459 0.0336992
1.54688 0.0336148
1.54785 0.0343559
1.54883 0.0346568
1.5498 0.0347967
1.55078 0.0350546
1.55176 0.0350766
1.55273 0.0352165
1.55371 0.0353995
1.55469 0.035551
1.55566 0.0354867
1.55664 0.0355403
1.55762 0.035637
1.55859 0.0357022
1.55957 0.0358305
1.56055 0.0359272
1.56152 0.0360124
1.5625 0.0361061
1.56348 0.033134
1.56445 0.0318043
1.56543 0.0310757
1.56641 0.029907
1.56738 0.0296184
1.56836 0.0288898
1.56934 0.0280001
1.57031 0.0272283
1.57129 0.0272619
1.57227 0.0268554
1.57324 0.0262878
1.57422 0.0258382
1.5752 0.0251527
1.57617 0.0245851
1.57715 0.0240607
1.57812 0.0235047
1.5791 0.0237741
1.58008 0.0236034
1.58105 0.0232717
1.58203 0.0230579
1.58301 0.0226082
1.58398 0.0222765
1.58496 0.0219879
1.58594 0.0216677
1.58691 0.0211318
1.58789 0.0207137
1.58887 0.0203388
1.58984 0.0199323
1.59082 0.019589
1.5918 0.0192141
1.59277 0.0188277
1.59375 0.0184497
1.59473 0.0188917
1.5957 0.0188936
1.59668 0.0187345
1.59766 0.0186933
1.59863 0.0184163
1.59961 0.0182572
1.60059 0.0181413
1.60156 0.0179937
1.60254 0.0176304
1.60352 0.017385
1.60449 0.0171827
1.60547 0.0169489
1.60645 0.0167782
1.60742 0.0165759
1.6084 0.0163621
1.60938 0.0161567
1.61035 0.0157302
1.61133 0.0154216
1.6123 0.0151562
1.61328 0.0148591
1.61426 0.0146253
1.61523 0.0143598
1.61621 0.0140828
1.61719 0.0138142
1.61816 0.0136035
1.61914 0.0133612
1.62012 0.0131073
1.62109 0.0128619
1.62207 0.0125995
1.62305 0.0123456
1.62402 0.0120949
1.625 0.0118418
1.62598 0.00852449
1.62695 0.00684948
1.62793 0.00577558
1.62891 0.00426164
1.62988 0.00362779
1.63086 0.00255389
1.63184 0.00131893
1.63281 0.000201872
1.63379 -0.000109836
1.63477 -0.000861594
1.63574 -0.00177442
1.63672 -0.00256934
1.6377 -0.00360008
1.63867 -0.0045129
1.63965 -0.00538257
1.64062 -0.00628383
1.6416 -0.00635972
1.64258 -0.00687566
1.64355 -0.00755266
1.64453 -0.00811176
1.64551 -0.00890667
1.64648 -0.00958368
1.64746 -0.0102175
1.64844 -0.010883
1.64941 -0.0117642
1.65039 -0.0125275
1.65137 -0.0132477
1.65234 -0.0139994
1.65332 -0.014688
1.6543 -0.0154082
1.65527 -0.0161399
1.65625 -0.0168632
1.65723 -0.0167664
1.6582 -0.0171097
1.65918 -0.0176141
1.66016 -0.0180006
1.66113 -0.0186228
1.66211 -0.0191272
1.66309 -0.0195884
1.66406 -0.0200812
1.66504 -0.0207898
1.66602 -0.0213805
1.66699 -0.021928
1.66797 -0.0225072
1.66895 -0.0230231
1.66992 -0.0235706
1.6709 -0.0241297
1.67188 -0.0246804
1.67285 -0.0254521
1.67383 -0.026106
1.6748 -0.0267167
1.67578 -0.0273591
1.67676 -0.0279382
1.67773 -0.0285489
1.67871 -0.0291712
1.67969 -0.029785
1.68066 -0.030341
1.68164 -0.0309286
1.68262 -0.0315277
1.68359 -0.0321184
1.68457 -0.032726
1.68555 -0.0333252
1.68652 -0.0339213
1.6875 -0.0345196
1.68848 -0.0342965
1.68945 -0.0345134
1.69043 -0.0348914
1.69141 -0.0351515
1.69238 -0.0356474
1.69336 -0.0360254
1.69434 -0.0363602
1.69531 -0.0367266
1.69629 -0.0373089
1.69727 -0.0377732
1.69824 -0.0381943
1.69922 -0.0386471
1.7002 -0.0390366
1.70117 -0.0394578
1.70215 -0.0398905
1.70312 -0.0403148
1.7041 -0.0409602
1.70508 -0.0414877
1.70605 -0.041972
1.70703 -0.0424879
1.70801 -0.0429407
1.70898 -0.043425
1.70996 -0.0439209
1.71094 -0.0444084
1.71191 -0.044838
1.71289 -0.0452992
1.71387 -0.045772
1.71484 -0.0462363
1.71582 -0.0467175
1.7168 -0.0471903
1.71777 -0.04766
1.71875 -0.0481319
1.71973 -0.0488236
1.7207 -0.0493974
1.72168 -0.049928
1.72266 -0.0504902
1.72363 -0.0509892
1.72461 -0.0515198
1.72559 -0.0520619
1.72656 -0.0525956
1.72754 -0.0530715
1.72852 -0.053579
1.72949 -0.054098
1.73047 -0.0546086
1.73145 -0.0551361
1.73242 -0.0556551
1.7334 -0.056171
1.73438 -0.0566893
1.73535 -0.0571482
1.73633 -0.0576387
1.7373 -0.0581408
1.73828 -0.0586345
1.73926 -0.059145
1.74023 -0.0596472
1.74121 -0.0601462
1.74219 -0.0606474
1.74316 -0.0611642
1.74414 -0.0616725
1.74512 -0.0621777
1.74609 -0.0626852
1.74707 -0.0631881
1.74805 -0.0636933
1.74902 -0.0641993
1.75 -0.0647048
1.75098 -0.0682748
1.75195 -0.0702026
1.75293 -0.0715292
1.75391 -0.0732959
1.75488 -0.0741825
1.75586 -0.0755092
1.75684 -0.0769969
1.75781 -0.0783667
1.75879 -0.0789312
1.75977 -0.0799357
1.76074 -0.0811013
1.76172 -0.0821489
1.7627 -0.0834324
1.76367 -0.084598
1.76465 -0.0857204
1.76562 -0.0868744
1.7666 -0.0872031
1.76758 -0.0879718
1.76855 -0.0889015
1.76953 -0.0897134
1.77051 -0.090761
1.77148 -0.0916908
1.77246 -0.0925774
1.77344 -0.0934956
1.77441 -0.0946296
1.77539 -0.0956457
1.77637 -0.0966186
1.77734 -0.0976231
1.77832 -0.0985644
1.7793 -0.0995373
1.78027 -0.100522
1.78125 -0.101498
1.78223 -0.101654
1.7832 -0.10225
1.78418 -0.103007
1.78516 -0.103646
1.78613 -0.104521
1.78711 -0.105278
1.78809 -0.105992
1.78906 -0.106738
1.79004 -0.107699
1.79102 -0.108543
1.79199 -0.109343
1.79297 -0.110175
1.79395 -0.110944
1.79492 -0.111744
1.7959 -0.112556
1.79688 -0.113359
1.79785 -0.114384
1.79883 -0.11529
1.7998 -0.116154
1.80078 -0.117049
1.80176 -0.117881
1.80273 -0.118744
1.80371 -0.119619
1.80469 -0.120486
1.80566 -0.121294
1.80664 -0.122135
1.80762 -0.122987
1.80859 -0.12383
1.80957 -0.124691
1.81055 -0.125542
1.81152 -0.126391
1.8125 -0.127242
1.81348 -0.127272
1.81445 -0.127742
1.81543 -0.128372
1.81641 -0.128885
1.81738 -0.129634
1.81836 -0.130265
1.81934 -0.130852
1.82031 -0.131471
1.82129 -0.132306
1.82227 -0.133023
1.82324 -0.133697
1.82422 -0.134403
1.8252 -0.135045
1.82617 -0.135719
1.82715 -0.136405
1.82812 -0.137082
1.8291 -0.13798
1.83008 -0.13876
1.83105 -0.139497
1.83203 -0.140266
1.83301 -0.140971
1.83398 -0.141708
1.83496 -0.142457
1.83594 -0.143197
1.83691 -0.14388
1.83789 -0.144594
1.83887 -0.145319
1.83984 -0.146036
1.84082 -0.14677
1.8418 -0.147496
1.84277 -0.148218
1.84375 -0.148943
1.84473 -0.149887
1.8457 -0.150714
1.84668 -0.151497
1.84766 -0.152312
1.84863 -0.153064
1.84961 -0.153847
1.85059 -0.154642
1.85156 -0.155428
1.85254 -0.156157
1.85352 -0.156917
1.85449 -0.157689
1.85547 -0.158452
1.85645 -0.159233
1.85742 -0.160004
1.8584 -0.160773
1.85938 -0.161544
1.86035 -0.162256
1.86133 -0.162999
1.8623 -0.163754
1.86328 -0.1645
1.86426 -0.165264
1.86523 -0.166019
1.86621 -0.16677
1.86719 -0.167524
1.86816 -0.168294
1.86914 -0.169055
1.87012 -0.169813
1.87109 -0.170573
1.87207 -0.171329
1.87305 -0.172087
1.87402 -0.172846
1.875 -0.173604
1.87598 -0.173541
1.87695 -0.173918
1.87793 -0.174456
1.87891 -0.174877
1.87988 -0.175533
1.88086 -0.176071
1.88184 -0.176566
1.88281 -0.177093
1.88379 -0.177835
1.88477 -0.17846
1.88574 -0.179041
1.88672 -0.179654
1.8877 -0.180204
1.88867 -0.180785
1.88965 -0.181378
1.89062 -0.181963
1.8916 -0.182768
1.89258 -0.183456
1.89355 -0.184101
1.89453 -0.184777
1.89551 -0.18539
1.89648 -0.186034
1.89746 -0.186691
1.89844 -0.187338
1.89941 -0.187928
1.90039 -0.18855
1.90137 -0.189183
1.90234 -0.189807
1.90332 -0.190449
1.9043 -0.191082
1.90527 -0.191712
1.90625 -0.192344
1.90723 -0.193196
1.9082 -0.19393
1.90918 -0.19462
1.91016 -0.195343
1.91113 -0.196002
1.91211 -0.196693
1.91309 -0.197395
1.91406 -0.198089
1.91504 -0.198725
1.91602 -0.199393
1.91699 -0.200072
1.91797 -0.200743
1.91895 -0.201431
1.91992 -0.20211
1.9209 -0.202786
1.92188 -0.203465
1.92285 -0.204084
1.92383 -0.204735
1.9248 -0.205397
1.92578 -0.206051
1.92676 -0.206722
1.92773 -0.207384
1.92871 -0.208043
1.92969 -0.208705
1.93066 -0.209382
1.93164 -0.21005
1.93262 -0.210716
1.93359 -0.211384
1.93457 -0.212047
1.93555 -0.212712
1.93652 -0.213379
1.9375 -0.214044
1.93848 -0.21493
1.93945 -0.215698
1.94043 -0.216423
1.94141 -0.217179
1.94238 -0.217872
1.94336 -0.218597
1.94434 -0.219333
1.94531 -0.220061
1.94629 -0.220731
1.94727 -0.221432
1.94824 -0.222145
1.94922 -0.22285
1.9502 -0.223572
1.95117 -0.224285
1.95215 -0.224995
1.95312 -0.225707
1.9541 -0.22636
1.95508 -0.227045
1.95605 -0.227741
1.95703 -0.228429
1.95801 -0.229133
1.95898 -0.22983
1.95996 -0.230523
1.96094 -0.231218
1.96191 -0.231929
1.96289 -0.232631
1.96387 -0.233331
1.96484 -0.234032
1.96582 -0.234729
1.9668 -0.235429
1.96777 -0.236129
1.96875 -0.236828
1.96973 -0.237469
1.9707 -0.238141
1.97168 -0.238825
1.97266 -0.2395
1.97363 -0.240193
1.97461 -0.240876
1.97559 -0.241557
1.97656 -0.24224
1.97754 -0.242939
1.97852 -0.243629
1.97949 -0.244315
1.98047 -0.245005
1.98145 -0.245689
1.98242 -0.246376
1.9834 -0.247064
1.98438 -0.247751
1.98535 -0.248454
1.98633 -0.249149
1.9873 -0.24984
1.98828 -0.250534
1.98926 -0.251223
1.99023 -0.251914
1.99121 -0.252607
1.99219 -0.253298
1.99316 -0.253986
1.99414 -0.254676
1.99512 -0.255366
1.99609 -0.256056
1.99707 -0.256747
1.99805 -0.257438
1.99902 -0.258128
2 -0.258819
2.00098 -0.238168
2.00195 -0.228954
2.00293 -0.223926
2.00391 -0.215833
2.00488 -0.21387
2.00586 -0.208842
2.00684 -0.202692
2.00781 -0.197363
2.00879 -0.197643
2.00977 -0.194859
2.01074 -0.190952
2.01172 -0.187867
2.0127 -0.18314
2.01367 -0.179234
2.01465 -0.175628
2.01562 -0.171802
2.0166 -0.173724
2.01758 -0.172582
2.01855 -0.170318
2.01953 -0.168875
2.02051 -0.16579
2.02148 -0.163526
2.02246 -0.161563
2.02344 -0.159379
2.02441 -0.155693
2.02539 -0.152828
2.02637 -0.150263
2.02734 -0.147479
2.02832 -0.145134
2.0293 -0.142569
2.03027 -0.139924
2.03125 -0.137338
2.03223 -0.140463
2.0332 -0.140523
2.03418 -0.139461
2.03516 -0.13922
2.03613 -0.137337
2.03711 -0.136276
2.03809 -0.135514
2.03906 -0.134533
2.04004 -0.132049
2.04102 -0.130386
2.04199 -0.129024
2.04297 -0.127442
2.04395 -0.126299
2.04492 -0.124937
2.0459 -0.123494
2.04688 -0.12211
2.04785 -0.119186
2.04883 -0.117083
2.0498 -0.115281
2.05078 -0.113258
2.05176 -0.111676
2.05273 -0.109874
2.05371 -0.107991
2.05469 -0.106167
2.05566 -0.104746
2.05664 -0.103104
2.05762 -0.101382
2.05859 -0.0997195
2.05957 -0.0979387
2.06055 -0.0962169
2.06152 -0.0945166
2.0625 -0.0928005
2.06348 -0.0968051
2.06445 -0.0977452
2.06543 -0.0975635
2.06641 -0.098203
2.06738 -0.0972002
2.06836 -0.0970185
2.06934 -0.0971374
2.07031 -0.0970363
2.07129 -0.0954323
2.07227 -0.0946495
2.07324 -0.0941673
2.07422 -0.0934651
2.0752 -0.0932029
2.07617 -0.0927206
2.07715 -0.0921579
2.07812 -0.0916541
2.0791 -0.0896101
2.08008 -0.0883873
2.08105 -0.087465
2.08203 -0.0863227
2.08301 -0.0856204
2.08398 -0.0846982
2.08496 -0.0836954
2.08594 -0.0827515
2.08691 -0.0822103
2.08789 -0.0814491
2.08887 -0.0806074
2.08984 -0.0798246
2.09082 -0.0789239
2.0918 -0.0780822
2.09277 -0.077262
2.09375 -0.076426
2.09473 -0.0740599
2.0957 -0.072515
2.09668 -0.0712705
2.09766 -0.0698061
2.09863 -0.0687817
2.09961 -0.0675373
2.10059 -0.0662124
2.10156 -0.0649464
2.10254 -0.064083
2.10352 -0.0629997
2.10449 -0.0618358
2.10547 -0.0607309
2.10645 -0.0595081
2.10742 -0.0583442
2.1084 -0.0572019
2.10938 -0.0560438
2.11035 -0.0552984
2.11133 -0.0543329
2.1123 -0.053287
2.11328 -0.0523
2.11426 -0.051195
2.11523 -0.0501491
2.11621 -0.0491247
2.11719 -0.0480845
2.11816 -0.0469364
2.11914 -0.0458473
2.12012 -0.0447797
2.12109 -0.0436964
2.12207 -0.0426446
2.12305 -0.0415771
2.12402 -0.0405038
2.125 -0.0394347
2.12598 -0.0440835
2.12695 -0.0456679
2.12793 -0.0461305
2.12891 -0.0474142
2.12988 -0.0470557
2.13086 -0.0475183
2.13184 -0.0482815
2.13281 -0.0488246
2.13379 -0.047865
2.13477 -0.0477265
2.13574 -0.0478885
2.13672 -0.0478305
2.1377 -0.0482126
2.13867 -0.0483747
2.13965 -0.0484562
2.14062 -0.0485966
2.1416 -0.0471969
2.14258 -0.0466184
2.14355 -0.0463404
2.14453 -0.0458424
2.14551 -0.0457844
2.14648 -0.0455064
2.14746 -0.0451479
2.14844 -0.0448483
2.14941 -0.0449514
2.15039 -0.0448345
2.15137 -0.044637
2.15234 -0.0444985
2.15332 -0.0442421
2.1543 -0.0440446
2.15527 -0.0438687
2.15625 -0.043677
2.15723 -0.0419552
2.1582 -0.0410545
2.15918 -0.0404544
2.16016 -0.0396342
2.16113 -0.0392541
2.16211 -0.038654
2.16309 -0.0379733
2.16406 -0.0373516
2.16504 -0.0371325
2.16602 -0.0366935
2.16699 -0.0361739
2.16797 -0.0357132
2.16895 -0.0351347
2.16992 -0.0346151
2.1709 -0.034117
2.17188 -0.0336032
2.17285 -0.0335021
2.17383 -0.0331809
2.1748 -0.0327792
2.17578 -0.0324365
2.17676 -0.0319758
2.17773 -0.0315742
2.17871 -0.031194
2.17969 -0.0307981
2.18066 -0.0302943
2.18164 -0.0298495
2.18262 -0.0294262
2.18359 -0.0289871
2.18457 -0.0285797
2.18555 -0.0281564
2.18652 -0.0277274
2.1875 -0.0273025
2.18848 -0.0253449
2.18945 -0.0242084
2.19043 -0.0233724
2.19141 -0.0223164
2.19238 -0.0217005
2.19336 -0.0208645
2.19434 -0.019948
2.19531 -0.0190905
2.19629 -0.0186356
2.19727 -0.0179607
2.19824 -0.0172053
2.19922 -0.0165088
2.2002 -0.0156945
2.20117 -0.014939
2.20215 -0.0142052
2.20312 -0.0134556
2.2041 -0.0131186
2.20508 -0.0125616
2.20605 -0.0119241
2.20703 -0.0113456
2.20801 -0.0106491
2.20898 -0.0100116
2.20996 -0.00939564
2.21094 -0.00876391
2.21191 -0.00802429
2.21289 -0.00734362
2.21387 -0.00668452
2.21484 -0.00600964
2.21582 -0.00536634
2.2168 -0.00470725
2.21777 -0.00404238
2.21875 -0.00338173
2.21973 -0.0031311
2.2207 -0.00266044
2.22168 -0.00210924
2.22266 -0.001617
2.22363 -0.00100685
2.22461 -0.000455653
2.22559 7.39635e-05
2.22656 0.000619377
2.22754 0.00127269
2.22852 0.00186704
2.22949 0.00243982
2.23047 0.00302839
2.23145 0.00358537
2.23242 0.00415814
2.2334 0.0047367
2.23438 0.00531102
2.23535 0.00599593
2.23633 0.00662188
2.2373 0.00722624
2.23828 0.00784641
2.23926 0.00843498
2.24023 0.00903935
2.24121 0.0096495
2.24219 0.0102554
2.24316 0.0108324
2.24414 0.0114252
2.24512 0.0120238
2.24609 0.0126182
2.24707 0.013221
2.24805 0.0138196
2.24902 0.0144166
2.25 0.0150148
2.25098 0.00989429
2.25195 0.00783833
2.25293 0.00690408
2.25391 0.00514868
2.25488 0.00503557
2.25586 0.00410131
2.25684 0.0028665
2.25781 0.00185171
2.25879 0.00233972
2.25977 0.00200658
2.26074 0.00137289
2.26172 0.000959218
2.2627 0.000105498
2.26367 -0.000528197
2.26465 -0.00108136
2.26562 -0.00169347
2.2666 -0.000765416
2.26758 -0.000658502
2.26855 -0.000852148
2.26953 -0.000825769
2.27051 -0.00123944
2.27148 -0.00143308
2.27246 -0.0015462
2.27344 -0.00171826
2.27441 -0.002293
2.27539 -0.00264772
2.27637 -0.0029219
2.27734 -0.00325503
2.27832 -0.00347026
2.2793 -0.00374444
2.28027 -0.0040402
2.28125 -0.00432016
2.28223 -0.00306996
2.2832 -0.00264091
2.28418 -0.00251242
2.28516 -0.0021639
2.28613 -0.00225543
2.28711 -0.00212694
2.28809 -0.00191791
2.28906 -0.00176784
2.29004 -0.00202044
2.29102 -0.00205302
2.29199 -0.00200506
2.29297 -0.00201606
2.29395 -0.00190914
2.29492 -0.00186118
2.2959 -0.00183481
2.29688 -0.00179263
2.29785 -0.00216314
2.29883 -0.00231363
2.2998 -0.00238358
2.30078 -0.00251249
2.30176 -0.00252349
2.30273 -0.00259344
2.30371 -0.00268497
2.30469 -0.00276071
2.30566 -0.00272854
2.30664 -0.00275534
2.30762 -0.00280371
2.30859 -0.00283629
2.30957 -0.00290046
2.31055 -0.00294883
2.31152 -0.00299142
2.3125 -0.00303825
2.31348 -0.00155223
2.31445 -0.000887356
2.31543 -0.000523041
2.31641 6.12978e-05
2.31738 0.000205588
2.31836 0.000569902
2.31934 0.00101475
2.32031 0.00140065
2.32129 0.00138387
2.32227 0.00158711
2.32324 0.00187089
2.32422 0.00209572
2.3252 0.00243845
2.32617 0.00272223
2.32715 0.00298443
2.32812 0.00326243
2.3291 0.00312774
2.33008 0.00321307
2.33105 0.00337894
2.33203 0.00348586
2.33301 0.00371068
2.33398 0.00387655
2.33496 0.00402084
2.33594 0.00418093
2.33691 0.00444891
2.33789 0.00465794
2.33887 0.00484539
2.33984 0.00504863
2.34082 0.00522028
2.3418 0.00540773
2.34277 0.00560096
2.34375 0.00578996
2.34473 0.00556895
2.3457 0.00556797
2.34668 0.00564752
2.34766 0.00566812
2.34863 0.00580663
2.34961 0.00588618
2.35059 0.00594415
2.35156 0.00601792
2.35254 0.00619959
2.35352 0.0063223
2.35449 0.00642343
2.35547 0.00654036
2.35645 0.0066257
2.35742 0.00672683
2.3584 0.00683374
2.35938 0.00693642
2.36035 0.00714968
2.36133 0.00730399
2.3623 0.00743671
2.36328 0.00758524
2.36426 0.00770216
2.36523 0.00783489
2.36621 0.0079734
2.36719 0.00810767
2.36816 0.00821304
2.36914 0.0083342
2.37012 0.00846114
2.37109 0.00858385
2.37207 0.00871503
2.37305 0.00884197
2.37402 0.00896737
2.375 0.0090939
2.37598 0.0107525
2.37695 0.0115901
2.37793 0.012127
2.37891 0.012884
2.37988 0.0132009
2.38086 0.0137378
2.38184 0.0143553
2.38281 0.0149139
2.38379 0.0150697
2.38477 0.0154456
2.38574 0.015902
2.38672 0.0162995
2.3877 0.0168148
2.38867 0.0172712
2.38965 0.0177061
2.39062 0.0181567
2.3916 0.0181947
2.39258 0.0184526
2.39355 0.0187911
2.39453 0.0190707
2.39551 0.0194681
2.39648 0.0198066
2.39746 0.0201236
2.39844 0.0204563
2.39941 0.0208969
2.40039 0.0212786
2.40137 0.0216386
2.40234 0.0220145
2.40332 0.0223588
2.4043 0.0227189
2.40527 0.0230847
2.40625 0.0234464
2.40723 0.023398
2.4082 0.0235697
2.40918 0.0238218
2.41016 0.0240151
2.41113 0.0243262
2.41211 0.0245784
2.41309 0.024809
2.41406 0.0250554
2.41504 0.0254097
2.41602 0.0257051
2.41699 0.0259788
2.41797 0.0262684
2.41895 0.0265263
2.41992 0.0268001
2.4209 0.0270797
2.42188 0.027355
2.42285 0.0277409
2.42383 0.0280678
2.4248 0.0283732
2.42578 0.0286943
2.42676 0.0289839
2.42773 0.0292892
2.42871 0.0296004
2.42969 0.0299073
2.43066 0.0301853
2.43164 0.0304791
2.43262 0.0307787
2.43359 0.031074
2.43457 0.0313778
2.43555 0.0316774
2.43652 0.0319754
2.4375 0.0322746
2.43848 0.032163
2.43945 0.0322715
2.44043 0.0324605
2.44141 0.0325905
2.44238 0.0328385
2.44336 0.0330275
2.44434 0.0331949
2.44531 0.0333781
2.44629 0.0336692
2.44727 0.0339014
2.44824 0.034112
2.44922 0.0343383
2.4502 0.0345331
2.45117 0.0347437
2.45215 0.03496
2.45312 0.0351722
2.4541 0.0354949
2.45508 0.0357586
2.45605 0.0360008
2.45703 0.0362588
2.45801 0.0364851
2.45898 0.0367273
2.45996 0.0369753
2.46094 0.037219
2.46191 0.0374338
2.46289 0.0376644
2.46387 0.0379008
2.46484 0.0381329
2.46582 0.0383736
2.4668 0.03861
2.46777 0.0388448
2.46875 0.0390808
2.46973 0.0394266
2.4707 0.0397135
2.47168 0.0399788
2.47266 0.0402599
2.47363 0.0405094
2.47461 0.0407747
2.47559 0.0410458
2.47656 0.0413126
2.47754 0.0415505
2.47852 0.0418043
2.47949 0.0420638
2.48047 0.0423191
2.48145 0.0425828
2.48242 0.0428423
2.4834 0.0431003
2.48438 0.0433594
2.48535 0.0435889
2.48633 0.0438342
2.4873 0.0440852
2.48828 0.044332
2.48926 0.0445873
2.49023 0.0448384
2.49121 0.0450879
2.49219 0.0453385
2.49316 0.0455969
2.49414 0.045851
2.49512 0.0461036
2.49609 0.0463574
2.49707 0.0466088
2.49805 0.0468614
2.49902 0.0471145
2.5 0.0473672
2.50098 0.0419014
2.50195 0.0395002
2.50293 0.0382207
2.50391 0.03612
2.50488 0.0356616
2.50586 0.0343821
2.50684 0.032802
2.50781 0.031442
2.50879 0.0315847
2.50977 0.0309063
2.51074 0.0299273
2.51172 0.0291684
2.5127 0.0279694
2.51367 0.0269904
2.51465 0.026092
2.51562 0.0251346
2.5166 0.0257174
2.51758 0.0254791
2.51855 0.0249402
2.51953 0.0246213
2.52051 0.0238623
2.52148 0.0233234
2.52246 0.022865
2.52344 0.0223477
2.52441 0.0214277
2.52539 0.0207277
2.52637 0.0201083
2.52734 0.0194299
2.52832 0.0188694
2.5293 0.0182499
2.53027 0.0176089
2.53125 0.0169837
2.53223 0.0178886
2.5332 0.0179724
2.53418 0.0177556
2.53516 0.0177589
2.53613 0.0173221
2.53711 0.0171053
2.53809 0.0169691
2.53906 0.0167739
2.54004 0.016176
2.54102 0.0157981
2.54199 0.0155008
2.54297 0.0151446
2.54395 0.0149062
2.54492 0.0146089
2.5459 0.01429
2.54688 0.0139869
2.54785 0.0132712
2.54883 0.0127754
2.5498 0.0123602
2.55078 0.011886
2.55176 0.0115297
2.55273 0.0111145
2.55371 0.0106777
2.55469 0.0102567
2.55566 0.00994362
2.55664 0.00957156
2.55762 0.00917792
2.55859 0.00880007
2.55957 0.00839064
2.56055 0.007997
2.56152 0.00760914
2.5625 0.00721705
2.56348 0.0083578
2.56445 0.0086774
2.56543 0.00869645
2.56641 0.00893552
2.56738 0.00873455
2.56836 0.00875359
2.56934 0.00885318
2.57031 0.0088938
2.57129 0.00853176
2.57227 0.00838974
2.57324 0.00832825
2.57422 0.00820781
2.5752 0.00820527
2.57617 0.00814379
2.57715 0.00806072
2.57812 0.00799345
2.5791 0.0075135
2.58008 0.00725356
2.58105 0.00707416
2.58203 0.00683581
2.58301 0.00671537
2.58398 0.00653597
2.58496 0.00633499
2.58594 0.00614981
2.58691 0.00607253
2.58789 0.00593629
2.58887 0.00577847
2.58984 0.00563645
2.59082 0.00546283
2.5918 0.00530502
2.59277 0.00515298
2.59375 0.00499671
2.59473 0.00443044
2.5957 0.00408419
2.59668 0.00381847
2.59766 0.0034938
2.59863 0.00328704
2.59961 0.00302133
2.60059 0.00273404
2.60156 0.00246254
2.60254 0.00229894
2.60352 0.00207638
2.60449 0.00183225
2.60547 0.00160391
2.60645 0.00134398
2.60742 0.00109984
2.6084 0.000861486
2.60938 0.0006189
2.61035 0.000486894
2.61133 0.000295932
2.6123 8.33903e-05
2.61328 -0.000113354
2.61426 -0.000341692
2.61523 -0.000554234
2.61621 -0.000760993
2.61719 -0.000971985
2.61816 -0.00121189
2.61914 -0.00143599
2.62012 -0.00165432
2.62109 -0.00187687
2.62207 -0.00209096
2.62305 -0.00230929
2.62402 -0.00252916
2.625 -0.0027479
2.62598 -0.00143451
2.62695 -0.000942274
2.62793 -0.000750592
2.62891 -0.000338887
2.62988 -0.00036723
2.63086 -0.000175549
2.63184 9.66667e-05
2.63281 0.000309927
2.63379 0.000120514
2.63477 0.000151126
2.63574 0.000262273
2.63672 0.000314464
2.6377 0.000484566
2.63867 0.000595712
2.63965 0.00068528
2.64062 0.000790644
2.6416 0.00048332
2.64258 0.000396021
2.64355 0.000389257
2.64453 0.000323537
2.64551 0.000375728
2.64648 0.000368964
2.64746 0.00034062
2.64844 0.000328074
2.64941 0.000423423
2.65039 0.000459817
2.65137 0.000474632
2.65234 0.000505244
2.65332 0.000504262
2.6543 0.000519077
2.65527 0.000539674
2.65625 0.000556038
2.65723 0.000162397
2.6582 -1.12183e-05
2.65918 -0.000104299
2.66016 -0.000256336
2.66113 -0.000290462
2.66211 -0.000383543
2.66309 -0.000498203
2.66406 -0.000597066
2.66504 -0.000588033
2.66602 -0.000637956
2.66699 -0.000709458
2.66797 -0.000765163
2.66895 -0.000852462
2.66992 -0.000923964
2.6709 -0.000989684
2.67188 -0.00105964
2.67285 -0.00101901
2.67383 -0.00103734
2.6748 -0.00107725
2.67578 -0.00110136
2.67676 -0.00115706
2.67773 -0.00119697
2.67871 -0.00123109
2.67969 -0.00126945
2.68066 -0.00133672
2.68164 -0.00138819
2.68262 -0.00143388
2.68359 -0.00148381
2.68457 -0.00152526
2.68555 -0.00157095
2.68652 -0.00161819
2.6875 -0.0016643
2.68848 -0.00212113
2.68945 -0.00235793
2.69043 -0.0025142
2.69141 -0.00272943
2.69238 -0.00282674
2.69336 -0.00298301
2.69434 -0.00316086
2.69531 -0.00332291
2.69629 -0.00337706
2.69727 -0.00349017
2.69824 -0.00362487
2.69922 -0.00374376
2.7002 -0.00389425
2.70117 -0.00402894
2.70215 -0.00415784
2.70312 -0.00429098
2.7041 -0.00431355
2.70508 -0.00439506
2.70605 -0.00449816
2.70703 -0.00458546
2.70801 -0.00470435
2.70898 -0.00480745
2.70996 -0.00490476
2.71094 -0.00500631
2.71191 -0.00513676
2.71289 -0.00525142
2.71387 -0.0053603
2.71484 -0.00547341
2.71582 -0.00557806
2.7168 -0.00568694
2.71777 -0.00579737
2.71875 -0.00590666
2.71973 -0.00590609
2.7207 -0.00596448
2.72168 -0.00604445
2.72266 -0.00610862
2.72363 -0.00620438
2.72461 -0.00628435
2.72559 -0.00635854
2.72656 -0.00643695
2.72754 -0.00654428
2.72852 -0.00663581
2.72949 -0.00672156
2.73047 -0.00681155
2.73145 -0.00689306
2.73242 -0.00697881
2.7334 -0.00706611
2.73438 -0.00715228
2.73535 -0.00726807
2.73633 -0.00736807
2.7373 -0.00746228
2.73828 -0.00756073
2.73926 -0.00765071
2.74023 -0.00774493
2.74121 -0.00784069
2.74219 -0.00793532
2.74316 -0.00802221
2.74414 -0.00811332
2.74512 -0.00820599
2.74609 -0.00829752
2.74707 -0.00839132
2.74805 -0.00848399
2.74902 -0.00857624
2.75 -0.00866879
2.75098 -0.00722903
2.75195 -0.00661042
2.75293 -0.00629236
2.75391 -0.00575428
2.75488 -0.00565624
2.75586 -0.00533819
2.75684 -0.00493959
2.75781 -0.00459996
2.75879 -0.00466299
2.75977 -0.00450601
2.76074 -0.00426848
2.76172 -0.00408991
2.7627 -0.00379344
2.76367 -0.00355591
2.76465 -0.00333997
2.76562 -0.00310823
2.7666 -0.00328918
2.76758 -0.0032501
2.76855 -0.00313049
2.76953 -0.00306983
2.77051 -0.00289126
2.77148 -0.00277165
2.77246 -0.00267362
2.77344 -0.00255979
2.77441 -0.00233806
2.77539 -0.00217529
2.77637 -0.0020341
2.77734 -0.00187711
2.77832 -0.00175172
2.7793 -0.00161053
2.78027 -0.00146355
2.78125 -0.00132081
2.78223 -0.00158808
2.7832 -0.00163531
2.78418 -0.00160202
2.78516 -0.00162768
2.78613 -0.00153543
2.78711 -0.00150213
2.78809 -0.00149042
2.78906 -0.0014629
2.79004 -0.00132749
2.79102 -0.00125104
2.79199 -0.00119617
2.79297 -0.00112549
2.79395 -0.00108642
2.79492 -0.00103154
2.7959 -0.000970885
2.79688 -0.000914461
2.79785 -0.000747458
2.79883 -0.00063941
2.7998 -0.000552942
2.80078 -0.000450676
2.80176 -0.000380004
2.80273 -0.000293535
2.80371 -0.000201285
2.80469 -0.000113267
2.80566 -5.41592e-05
2.80664 2.07452e-05
2.80762 0.000101432
2.80859 0.000177886
2.80957 0.000262805
2.81055 0.000343491
2.81152 0.000422629
2.8125 0.0005029
2.81348 0.000172448
2.81445 6.20206e-05
2.81543 3.21277e-05
2.81641 -5.67206e-05
2.81738 -2.7658e-05
2.81836 -5.75509e-05
2.81934 -0.000109023
2.82031 -0.000144698
2.82129 -7.24769e-05
2.82227 -5.92114e-05
2.82324 -6.75251e-05
2.82422 -6.00417e-05
2.8252 -8.41524e-05
2.82617 -9.24661e-05
2.82715 -9.49976e-05
2.82812 -0.000101762
2.8291 2.05309e-06
2.83008 4.69127e-05
2.83105 7.01932e-05
2.83203 0.000109271
2.83301 0.000116754
2.83398 0.000140035
2.83496 0.000169097
2.83594 0.000193927
2.83691 0.000189846
2.83789 0.000201562
2.83887 0.000219061
2.83984 0.000232326
2.84082 0.000254057
2.8418 0.000271556
2.84277 0.000287505
2.84375 0.000304588
2.84473 0.000431531
2.8457 0.000499519
2.84668 0.000545928
2.84766 0.000608134
2.84863 0.000638746
2.84961 0.000685155
2.85059 0.000737346
2.85156 0.000785305
2.85254 0.000804352
2.85352 0.000839197
2.85449 0.000879824
2.85547 0.000916218
2.85645 0.000961077
2.85742 0.0010017
2.8584 0.00104078
2.85938 0.00108099
2.86035 0.00109158
2.86133 0.00111795
2.8623 0.00115012
2.86328 0.00117804
2.86426 0.00121444
2.86523 0.0012466
2.86621 0.00127721
2.86719 0.00130896
2.86816 0.00134845
2.86914 0.00138371
2.87012 0.00141742
2.87109 0.00145227
2.87207 0.00148484
2.87305 0.00151855
2.87402 0.00155268
2.875 0.0015865
2.87598 0.00120979
2.87695 0.00105311
2.87793 0.000976956
2.87891 0.000841851
2.87988 0.000824656
2.88086 0.000748506
2.88184 0.000650777
2.88281 0.000568845
2.88379 0.000594809
2.88477 0.000561818
2.88574 0.000507247
2.88672 0.000468474
2.8877 0.000398106
2.88867 0.000343535
2.88965 0.000294747
2.89062 0.000241725
2.8916 0.000299283
2.89258 0.000297886
2.89355 0.000274909
2.89453 0.00026773
2.89551 0.000228956
2.89648 0.00020598
2.89746 0.000188785
2.89844 0.000167358
2.89941 0.00011702
2.90039 8.24794e-05
2.90137 5.37207e-05
2.90234 2.07292e-05
2.90332 -3.79664e-06
2.9043 -3.25553e-05
2.90527 -6.28633e-05
2.90625 -9.20371e-05
2.90723 -1.13505e-05
2.9082 1.03806e-05
2.90918 1.05325e-05
2.91016 2.64816e-05
2.91113 1.08364e-05
2.91211 1.09884e-05
2.91309 1.69225e-05
2.91406 1.86237e-05
2.91504 -8.58562e-06
2.91602 -1.99979e-05
2.91699 -2.56281e-05
2.91797 -3.54911e-05
2.91895 -3.68884e-05
2.91992 -4.25186e-05
2.9209 -4.96981e-05
2.92188 -5.57434e-05
2.92285 -9.14184e-05
2.92383 -0.000111296
2.9248 -0.000125392
2.92578 -0.000143721
2.92676 -0.000153584
2.92773 -0.00016768
2.92871 -0.000183325
2.92969 -0.000197836
2.93066 -0.0002046
2.93164 -0.000215597
2.93262 -0.000228144
2.93359 -0.000239556
2.93457 -0.000253236
2.93555 -0.000265783
2.93652 -0.000277914
2.9375 -0.00029035
2.93848 -0.000192732
2.93945 -0.000154069
2.94043 -0.000136986
2.94141 -0.000104106
2.94238 -0.00010282
2.94336 -8.57366e-05
2.94434 -6.28713e-05
2.94531 -4.42388e-05
2.94629 -5.45169e-05
2.94727 -4.8998e-05
2.94824 -3.76969e-05
2.94922 -3.06287e-05
2.9502 -1.50948e-05
2.95117 -3.79371e-06
2.95215 5.95804e-06
2.95312 1.6844e-05
2.9541 -1.89978e-06
2.95508 -4.84646e-06
2.95605 -2.01102e-06
2.95703 -3.40838e-06
2.95801 3.65987e-06
2.95898 6.49532e-06
2.95996 7.78145e-06
2.96094 1.02018e-05
2.96191 2.03686e-05
2.96289 2.63027e-05
2.96387 3.06875e-05
2.96484 3.62064e-05
2.96582 3.9457e-05
2.9668 4.38418e-05
2.96777 4.86417e-05
2.96875 5.31377e-05
2.96973 2.81967e-05
2.9707 1.90527e-05
2.97168 1.56909e-05
2.97266 8.09626e-06
2.97363 8.96725e-06
2.97461 5.60543e-06
2.97559 6.94298e-07
2.97656 -3.08266e-06
2.97754 8.86964e-07
2.97852 6.23777e-07
2.97949 -1.18873e-06
2.98047 -1.86705e-06
2.98145 -4.81373e-06
2.98242 -6.62623e-06
2.9834 -8.0236e-06
2.98438 -9.72487e-06
2.98535 -3.48689e-06
2.98633 -1.48172e-06
2.9873 -1.02587e-06
2.98828 5.64166e-07
2.98926 -1.14159e-07
2.99023 3.41694e-07
2.99121 1.21269e-06
2.99219 1.77977e-06
2.99316 2.71173e-07
2.99414 -1.03249e-07
2.99512 -6.25343e-08
2.99609 -3.25721e-07
2.99707 1.8896e-08
2.99805 5.96111e-08
2.99902 -1.09096e-08
3 0
