-1 0
-0.999023 0.00571853
-0.998047 0.0083725
-0.99707 0.00990478
-0.996094 0.0122582
-0.995117 0.0129693
-0.994141 0.0145016
-0.993164 0.0163344
-0.992188 0.0179472
-0.991211 0.0180573
-0.990234 0.0189884
-0.989258 0.0202201
-0.988281 0.0212318
-0.987305 0.0226836
-0.986328 0.0239153
-0.985352 0.0250664
-0.984375 0.0262766
-0.983398 0.0259465
-0.982422 0.0264377
-0.981445 0.0272293
-0.980469 0.027801
-0.979492 0.0288127
-0.978516 0.0296043
-0.977539 0.0303154
-0.976562 0.0310855
-0.975586 0.0322583
-0.974609 0.033211
-0.973633 0.0340832
-0.972656 0.0350144
-0.97168 0.0358276
-0.970703 0.0366998
-0.969727 0.0375936
-0.96875 0.0384716
-0.967773 0.0378194
-0.966797 0.0379884
-0.96582 0.0384579
-0.964844 0.0387074
-0.963867 0.039397
-0.962891 0.0398665
-0.961914 0.0402555
-0.960938 0.0407034
-0.959961 0.0415541
-0.958984 0.0421846
-0.958008 0.0427347
-0.957031 0.0433437
-0.956055 0.0438348
-0.955078 0.0443849
-0.954102 0.0449565
-0.953125 0.0455124
-0.952148 0.0464809
-0.951172 0.0472294
-0.950195 0.0478974
-0.949219 0.0486243
-0.948242 0.0492333
-0.947266 0.0499013
-0.946289 0.0505909
-0.945312 0.0512646
-0.944336 0.0518305
-0.943359 0.0524553
-0.942383 0.0531017
-0.941406 0.0537323
-0.94043 0.0543945
-0.939453 0.0550409
-0.938477 0.0556815
-0.9375 0.0563263
-0.936523 0.0554383
-0.935547 0.0553715
-0.93457 0.0556052
-0.933594 0.0556189
-0.932617 0.0560726
-0.931641 0.0563063
-0.930664 0.0564595
-0.929688 0.0566716
-0.928711 0.0572864
-0.927734 0.0576812
-0.926758 0.0579954
-0.925781 0.0583686
-0.924805 0.0586239
-0.923828 0.0589381
-0.922852 0.0592739
-0.921875 0.059594
-0.920898 0.0603267
-0.919922 0.0608394
-0.918945 0.0612715
-0.917969 0.0617626
-0.916992 0.0621358
-0.916016 0.062568
-0.915039 0.0630217
-0.914062 0.0634596
-0.913086 0.0637897
-0.912109 0.0641786
-0.911133 0.0645892
-0.910156 0.064984
-0.90918 0.0654104
-0.908203 0.0658209
-0.907227 0.0662257
-0.90625 0.0666347
-0.905273 0.0674538
-0.904297 0.0680528
-0.90332 0.0685712
-0.902344 0.0691487
-0.901367 0.0696082
-0.900391 0.0701266
-0.899414 0.0706667
-0.898438 0.0711909
-0.897461 0.0716073
-0.896484 0.0720826
-0.895508 0.0725795
-0.894531 0.0730606
-0.893555 0.0735733
-0.892578 0.0740702
-0.891602 0.0745613
-0.890625 0.0750566
-0.889648 0.0754414
-0.888672 0.0758851
-0.887695 0.0763504
-0.886719 0.0767999
-0.885742 0.077281
-0.884766 0.0777463
-0.883789 0.0782058
-0.882812 0.0786695
-0.881836 0.0791622
-0.880859 0.079639
-0.879883 0.0801101
-0.878906 0.0805854
-0.87793 0.0810523
-0.876953 0.0815233
-0.875977 0.081996
-0.875 0.0824675
-0.874023 0.0814068
-0.873047 0.0811673
-0.87207 0.0812284
-0.871094 0.0810695
-0.870117 0.0813505
-0.869141 0.0814116
-0.868164 0.0813922
-0.867188 0.0814317
-0.866211 0.0818738
-0.865234 0.082096
-0.864258 0.0822376
-0.863281 0.0824381
-0.862305 0.0825208
-0.861328 0.0826624
-0.860352 0.0828256
-0.859375 0.082973
-0.858398 0.083533
-0.857422 0.0838731
-0.856445 0.0841326
-0.855469 0.0844511
-0.854492 0.0846516
-0.853516 0.0849112
-0.852539 0.0851923
-0.851562 0.0854576
-0.850586 0.085615
-0.849609 0.0858313
-0.848633 0.0860693
-0.847656 0.0862914
-0.84668 0.0865451
-0.845703 0.0867831
-0.844727 0.0870152
-0.84375 0.0872516
-0.842773 0.087898
-0.841797 0.0883244
-0.84082 0.0886702
-0.839844 0.089075
-0.838867 0.0893619
-0.837891 0.0897077
-0.836914 0.0900751
-0.835938 0.0904267
-0.834961 0.0906705
-0.833984 0.0909731
-0.833008 0.0912974
-0.832031 0.0916058
-0.831055 0.0919459
-0.830078 0.0922702
-0.829102 0.0925886
-0.828125 0.0929113
-0.827148 0.0931235
-0.826172 0.0933945
-0.825195 0.0936872
-0.824219 0.0939641
-0.823242 0.0942725
-0.822266 0.0945652
-0.821289 0.0948521
-0.820312 0.0951432
-0.819336 0.0954632
-0.818359 0.0957674
-0.817383 0.0960659
-0.816406 0.0963685
-0.81543 0.0966627
-0.814453 0.0969612
-0.813477 0.0972612
-0.8125 0.09756
-0.811523 0.0982696
-0.810547 0.0987592
-0.80957 0.0991682
-0.808594 0.0996362
-0.807617 0.0999862
-0.806641 0.100395
-0.805664 0.100826
-0.804688 0.101241
-0.803711 0.101548
-0.802734 0.101913
-0.801758 0.102301
-0.800781 0.102673
-0.799805 0.103076
-0.798828 0.103463
-0.797852 0.103845
-0.796875 0.104231
-0.795898 0.104506
-0.794922 0.10484
-0.793945 0.105196
-0.792969 0.105536
-0.791992 0.105908
-0.791016 0.106264
-0.790039 0.106614
-0.789062 0.106968
-0.788086 0.107351
-0.787109 0.107719
-0.786133 0.10808
-0.785156 0.108446
-0.78418 0.108804
-0.783203 0.109165
-0.782227 0.109528
-0.78125 0.10989
-0.780273 0.110143
-0.779297 0.110454
-0.77832 0.110787
-0.777344 0.111103
-0.776367 0.111452
-0.775391 0.111785
-0.774414 0.112112
-0.773438 0.112443
-0.772461 0.112803
-0.771484 0.113147
-0.770508 0.113486
-0.769531 0.113828
-0.768555 0.114163
-0.767578 0.114501
-0.766602 0.114841
-0.765625 0.11518
-0.764648 0.115549
-0.763672 0.115901
-0.762695 0.116248
-0.761719 0.1166
-0.760742 0.116942
-0.759766 0.117289
-0.758789 0.117638
-0.757812 0.117985
-0.756836 0.118325
-0.755859 0.118669
-0.754883 0.119014
-0.753906 0.119358
-0.75293 0.119705
-0.751953 0.12005
-0.750977 0.120395
-0.75 0.120741
-0.749023 0.119554
-0.748047 0.119188
-0.74707 0.119123
-0.746094 0.118837
-0.745117 0.118992
-0.744141 0.118927
-0.743164 0.118781
-0.742188 0.118694
-0.741211 0.11901
-0.740234 0.119105
-0.739258 0.119121
-0.738281 0.119195
-0.737305 0.119151
-0.736328 0.119166
-0.735352 0.119203
-0.734375 0.119224
-0.733398 0.119658
-0.732422 0.119872
-0.731445 0.120005
-0.730469 0.120197
-0.729492 0.120271
-0.728516 0.120404
-0.727539 0.120559
-0.726562 0.120698
-0.725586 0.120729
-0.724609 0.120819
-0.723633 0.12093
-0.722656 0.121026
-0.72168 0.121153
-0.720703 0.121265
-0.719727 0.121371
-0.71875 0.121481
-0.717773 0.122001
-0.716797 0.122301
-0.71582 0.12252
-0.714844 0.122799
-0.713867 0.122959
-0.712891 0.123179
-0.711914 0.12342
-0.710938 0.123645
-0.709961 0.123762
-0.708984 0.123939
-0.708008 0.124136
-0.707031 0.124319
-0.706055 0.124532
-0.705078 0.12473
-0.704102 0.124922
-0.703125 0.125119
-0.702148 0.125204
-0.701172 0.125349
-0.700195 0.125515
-0.699219 0.125666
-0.698242 0.125848
-0.697266 0.126014
-0.696289 0.126175
-0.695312 0.126339
-0.694336 0.126533
-0.693359 0.126711
-0.692383 0.126883
-0.691406 0.127059
-0.69043 0.127227
-0.689453 0.127399
-0.688477 0.127573
-0.6875 0.127745
-0.686523 0.128328
-0.685547 0.128692
-0.68457 0.128974
-0.683594 0.129316
-0.682617 0.12954
-0.681641 0.129822
-0.680664 0.130126
-0.679688 0.130415
-0.678711 0.130595
-0.677734 0.130835
-0.676758 0.131096
-0.675781 0.131341
-0.674805 0.131618
-0.673828 0.131879
-0.672852 0.132134
-0.671875 0.132394
-0.670898 0.132543
-0.669922 0.132751
-0.668945 0.13298
-0.667969 0.133194
-0.666992 0.133439
-0.666016 0.133669
-0.665039 0.133892
-0.664062 0.13412
-0.663086 0.134377
-0.662109 0.134618
-0.661133 0.134853
-0.660156 0.135093
-0.65918 0.135324
-0.658203 0.135559
-0.657227 0.135796
-0.65625 0.136032
-0.655273 0.136157
-0.654297 0.136342
-0.65332 0.136549
-0.652344 0.136739
-0.651367 0.136961
-0.650391 0.137168
-0.649414 0.137368
-0.648438 0.137573
-0.647461 0.137807
-0.646484 0.138025
-0.645508 0.138237
-0.644531 0.138453
-0.643555 0.138661
-0.642578 0.138873
-0.641602 0.139087
-0.640625 0.139299
-0.639648 0.139541
-0.638672 0.139768
-0.637695 0.139988
-0.636719 0.140213
-0.635742 0.14043
-0.634766 0.14065
-0.633789 0.140872
-0.632812 0.141093
-0.631836 0.141307
-0.630859 0.141524
-0.629883 0.141743
-0.628906 0.141961
-0.62793 0.142181
-0.626953 0.1424
-0.625977 0.142619
-0.625 0.142838
-0.624023 0.143467
-0.623047 0.143877
-0.62207 0.144206
-0.621094 0.144593
-0.620117 0.144863
-0.619141 0.145192
-0.618164 0.145543
-0.617188 0.145877
-0.616211 0.146104
-0.615234 0.14639
-0.614258 0.146697
-0.613281 0.146989
-0.612305 0.147312
-0.611328 0.147619
-0.610352 0.147921
-0.609375 0.148227
-0.608398 0.148422
-0.607422 0.148676
-0.606445 0.148952
-0.605469 0.149212
-0.604492 0.149503
-0.603516 0.149779
-0.602539 0.150049
-0.601562 0.150323
-0.600586 0.150626
-0.599609 0.150913
-0.598633 0.151195
-0.597656 0.151481
-0.59668 0.151758
-0.595703 0.152039
-0.594727 0.152323
-0.59375 0.152604
-0.592773 0.152777
-0.591797 0.153008
-0.59082 0.15326
-0.589844 0.153497
-0.588867 0.153765
-0.587891 0.154018
-0.586914 0.154265
-0.585938 0.154516
-0.584961 0.154796
-0.583984 0.15506
-0.583008 0.155318
-0.582031 0.155581
-0.581055 0.155835
-0.580078 0.156093
-0.579102 0.156353
-0.578125 0.156612
-0.577148 0.156901
-0.576172 0.157173
-0.575195 0.15744
-0.574219 0.157711
-0.573242 0.157974
-0.572266 0.158241
-0.571289 0.158509
-0.570312 0.158776
-0.569336 0.159036
-0.568359 0.1593
-0.567383 0.159565
-0.566406 0.159829
-0.56543 0.160095
-0.564453 0.160361
-0.563477 0.160626
-0.5625 0.160891
-0.561523 0.161046
-0.560547 0.16126
-0.55957 0.161496
-0.558594 0.161716
-0.557617 0.161967
-0.556641 0.162203
-0.555664 0.162433
-0.554688 0.162667
-0.553711 0.16293
-0.552734 0.163177
-0.551758 0.163418
-0.550781 0.163664
-0.549805 0.163901
-0.548828 0.164143
-0.547852 0.164386
-0.546875 0.164628
-0.545898 0.164899
-0.544922 0.165155
-0.543945 0.165405
-0.542969 0.165659
-0.541992 0.165905
-0.541016 0.166155
-0.540039 0.166406
-0.539062 0.166656
-0.538086 0.166899
-0.537109 0.167146
-0.536133 0.167394
-0.535156 0.167641
-0.53418 0.167891
-0.533203 0.168139
-0.532227 0.168387
-0.53125 0.168635
-0.530273 0.168913
-0.529297 0.169175
-0.52832 0.169431
-0.527344 0.169692
-0.526367 0.169943
-0.525391 0.1702
-0.524414 0.170457
-0.523438 0.170714
-0.522461 0.170962
-0.521484 0.171216
-0.520508 0.17147
-0.519531 0.171724
-0.518555 0.171979
-0.517578 0.172234
-0.516602 0.172488
-0.515625 0.172742
-0.514648 0.172989
-0.513672 0.17324
-0.512695 0.173492
-0.511719 0.173743
-0.510742 0.173997
-0.509766 0.174249
-0.508789 0.174501
-0.507812 0.174753
-0.506836 0.175007
-0.505859 0.17526
-0.504883 0.175513
-0.503906 0.175766
-0.50293 0.176018
-0.501953 0.176271
-0.500977 0.176524
-0.5 0.176777
-0.499023 0.175497
-0.498047 0.175039
-0.49707 0.174881
-0.496094 0.174503
-0.495117 0.174565
-0.494141 0.174408
-0.493164 0.174169
-0.492188 0.17399
-0.491211 0.174213
-0.490234 0.174216
-0.489258 0.174139
-0.488281 0.174121
-0.487305 0.173984
-0.486328 0.173907
-0.485352 0.173851
-0.484375 0.17378
-0.483398 0.174121
-0.482422 0.174242
-0.481445 0.174283
-0.480469 0.174383
-0.479492 0.174364
-0.478516 0.174405
-0.477539 0.174467
-0.476562 0.174513
-0.475586 0.174452
-0.474609 0.174449
-0.473633 0.174468
-0.472656 0.174472
-0.47168 0.174507
-0.470703 0.174526
-0.469727 0.174539
-0.46875 0.174556
-0.467773 0.174984
-0.466797 0.175191
-0.46582 0.175318
-0.464844 0.175504
-0.463867 0.175572
-0.462891 0.175699
-0.461914 0.175848
-0.460938 0.17598
-0.459961 0.176005
-0.458984 0.176089
-0.458008 0.176194
-0.457031 0.176284
-0.456055 0.176405
-0.455078 0.17651
-0.454102 0.17661
-0.453125 0.176714
-0.452148 0.176707
-0.451172 0.176759
-0.450195 0.176833
-0.449219 0.176891
-0.448242 0.176981
-0.447266 0.177054
-0.446289 0.177122
-0.445312 0.177195
-0.444336 0.177296
-0.443359 0.177381
-0.442383 0.177461
-0.441406 0.177544
-0.44043 0.17762
-0.439453 0.177699
-0.438477 0.17778
-0.4375 0.17786
-0.436523 0.178351
-0.435547 0.178622
-0.43457 0.178812
-0.433594 0.179061
-0.432617 0.179192
-0.431641 0.179382
-0.430664 0.179594
-0.429688 0.17979
-0.428711 0.179878
-0.427734 0.180025
-0.426758 0.180193
-0.425781 0.180346
-0.424805 0.18053
-0.423828 0.180699
-0.422852 0.180862
-0.421875 0.181029
-0.420898 0.181085
-0.419922 0.181201
-0.418945 0.181338
-0.417969 0.181459
-0.416992 0.181611
-0.416016 0.181748
-0.415039 0.18188
-0.414062 0.182015
-0.413086 0.182179
-0.412109 0.182328
-0.411133 0.182471
-0.410156 0.182618
-0.40918 0.182756
-0.408203 0.182899
-0.407227 0.183043
-0.40625 0.183186
-0.405273 0.18322
-0.404297 0.183312
-0.40332 0.183426
-0.402344 0.183524
-0.401367 0.183653
-0.400391 0.183767
-0.399414 0.183875
-0.398438 0.183987
-0.397461 0.184129
-0.396484 0.184254
-0.395508 0.184374
-0.394531 0.184497
-0.393555 0.184613
-0.392578 0.184732
-0.391602 0.184854
-0.390625 0.184974
-0.389648 0.185123
-0.388672 0.185257
-0.387695 0.185385
-0.386719 0.185518
-0.385742 0.185641
-0.384766 0.185769
-0.383789 0.185899
-0.382812 0.186028
-0.381836 0.186148
-0.380859 0.186273
-0.379883 0.1864
-0.378906 0.186525
-0.37793 0.186653
-0.376953 0.186779
-0.375977 0.186906
-0.375 0.187032
-0.374023 0.187569
-0.373047 0.187886
-0.37207 0.188122
-0.371094 0.188418
-0.370117 0.188595
-0.369141 0.188831
-0.368164 0.189089
-0.367188 0.189332
-0.366211 0.189466
-0.365234 0.189659
-0.364258 0.189874
-0.363281 0.190073
-0.362305 0.190303
-0.361328 0.190518
-0.360352 0.190727
-0.359375 0.190941
-0.358398 0.191043
-0.357422 0.191205
-0.356445 0.191388
-0.355469 0.191556
-0.354492 0.191755
-0.353516 0.191938
-0.352539 0.192115
-0.351562 0.192297
-0.350586 0.192507
-0.349609 0.192702
-0.348633 0.192891
-0.347656 0.193084
-0.34668 0.193269
-0.345703 0.193458
-0.344727 0.193649
-0.34375 0.193838
-0.342773 0.193918
-0.341797 0.194056
-0.34082 0.194216
-0.339844 0.194361
-0.338867 0.194536
-0.337891 0.194697
-0.336914 0.194851
-0.335938 0.195009
-0.334961 0.195197
-0.333984 0.195369
-0.333008 0.195534
-0.332031 0.195704
-0.331055 0.195866
-0.330078 0.196032
-0.329102 0.196199
-0.328125 0.196366
-0.327148 0.196562
-0.326172 0.196742
-0.325195 0.196916
-0.324219 0.197095
-0.323242 0.197265
-0.322266 0.197439
-0.321289 0.197615
-0.320312 0.19779
-0.319336 0.197957
-0.318359 0.198128
-0.317383 0.198301
-0.316406 0.198472
-0.31543 0.198646
-0.314453 0.198819
-0.313477 0.198991
-0.3125 0.199164
-0.311523 0.199227
-0.310547 0.199348
-0.30957 0.199491
-0.308594 0.199619
-0.307617 0.199778
-0.306641 0.199921
-0.305664 0.200058
-0.304688 0.2002
-0.303711 0.20037
-0.302734 0.200525
-0.301758 0.200674
-0.300781 0.200827
-0.299805 0.200972
-0.298828 0.201121
-0.297852 0.201271
-0.296875 0.201421
-0.295898 0.2016
-0.294922 0.201763
-0.293945 0.20192
-0.292969 0.202082
-0.291992 0.202235
-0.291016 0.202393
-0.290039 0.202551
-0.289062 0.202709
-0.288086 0.202859
-0.287109 0.203014
-0.286133 0.20317
-0.285156 0.203324
-0.28418 0.203481
-0.283203 0.203637
-0.282227 0.203793
-0.28125 0.203948
-0.280273 0.204133
-0.279297 0.204303
-0.27832 0.204466
-0.277344 0.204634
-0.276367 0.204794
-0.275391 0.204957
-0.274414 0.205122
-0.273438 0.205286
-0.272461 0.205443
-0.271484 0.205603
-0.270508 0.205765
-0.269531 0.205926
-0.268555 0.206089
-0.267578 0.206251
-0.266602 0.206413
-0.265625 0.206575
-0.264648 0.206729
-0.263672 0.206887
-0.262695 0.207047
-0.261719 0.207206
-0.260742 0.207367
-0.259766 0.207526
-0.258789 0.207686
-0.257812 0.207845
-0.256836 0.208007
-0.255859 0.208168
-0.254883 0.208328
-0.253906 0.208488
-0.25293 0.208648
-0.251953 0.208809
-0.250977 0.208969
-0.25 0.209129
-0.249023 0.2097
-0.248047 0.210051
-0.24707 0.210321
-0.246094 0.21065
-0.245117 0.210861
-0.244141 0.211132
-0.243164 0.211424
-0.242188 0.2117
-0.241211 0.211868
-0.240234 0.212095
-0.239258 0.212343
-0.238281 0.212576
-0.237305 0.212841
-0.236328 0.213089
-0.235352 0.213332
-0.234375 0.213579
-0.233398 0.213716
-0.232422 0.213912
-0.231445 0.214129
-0.230469 0.21433
-0.229492 0.214563
-0.228516 0.21478
-0.227539 0.214991
-0.226562 0.215207
-0.225586 0.215451
-0.224609 0.21568
-0.223633 0.215903
-0.222656 0.21613
-0.22168 0.216348
-0.220703 0.216571
-0.219727 0.216796
-0.21875 0.217019
-0.217773 0.217132
-0.216797 0.217305
-0.21582 0.217499
-0.214844 0.217677
-0.213867 0.217886
-0.212891 0.21808
-0.211914 0.218269
-0.210938 0.218461
-0.209961 0.218682
-0.208984 0.218888
-0.208008 0.219088
-0.207031 0.219292
-0.206055 0.219487
-0.205078 0.219687
-0.204102 0.219888
-0.203125 0.220088
-0.202148 0.220318
-0.201172 0.220532
-0.200195 0.22074
-0.199219 0.220953
-0.198242 0.221157
-0.197266 0.221365
-0.196289 0.221574
-0.195312 0.221783
-0.194336 0.221984
-0.193359 0.222189
-0.192383 0.222396
-0.191406 0.222601
-0.19043 0.222809
-0.189453 0.223016
-0.188477 0.223222
-0.1875 0.223428
-0.186523 0.223525
-0.185547 0.22368
-0.18457 0.223857
-0.183594 0.224019
-0.182617 0.224211
-0.181641 0.224388
-0.180664 0.22456
-0.179688 0.224735
-0.178711 0.224939
-0.177734 0.225128
-0.176758 0.225311
-0.175781 0.225498
-0.174805 0.225676
-0.173828 0.225859
-0.172852 0.226044
-0.171875 0.226227
-0.170898 0.22644
-0.169922 0.226637
-0.168945 0.226828
-0.167969 0.227024
-0.166992 0.227211
-0.166016 0.227402
-0.165039 0.227595
-0.164062 0.227786
-0.163086 0.22797
-0.162109 0.228158
-0.161133 0.228348
-0.160156 0.228537
-0.15918 0.228728
-0.158203 0.228917
-0.157227 0.229107
-0.15625 0.229296
-0.155273 0.229515
-0.154297 0.229718
-0.15332 0.229916
-0.152344 0.230118
-0.151367 0.230311
-0.150391 0.230508
-0.149414 0.230707
-0.148438 0.230905
-0.147461 0.231095
-0.146484 0.23129
-0.145508 0.231486
-0.144531 0.23168
-0.143555 0.231877
-0.142578 0.232073
-0.141602 0.232269
-0.140625 0.232465
-0.139648 0.232653
-0.138672 0.232845
-0.137695 0.233038
-0.136719 0.233231
-0.135742 0.233426
-0.134766 0.233619
-0.133789 0.233812
-0.132812 0.234006
-0.131836 0.234202
-0.130859 0.234396
-0.129883 0.23459
-0.128906 0.234784
-0.12793 0.234978
-0.126953 0.235172
-0.125977 0.235366
-0.125 0.235561
-0.124023 0.235645
-0.123047 0.235788
-0.12207 0.235952
-0.121094 0.236101
-0.120117 0.236282
-0.119141 0.236446
-0.118164 0.236605
-0.117188 0.236768
-0.116211 0.23696
-0.115234 0.237136
-0.114258 0.237307
-0.113281 0.237481
-0.112305 0.237647
-0.111328 0.237818
-0.110352 0.23799
-0.109375 0.238161
-0.108398 0.238361
-0.107422 0.238546
-0.106445 0.238725
-0.105469 0.238908
-0.104492 0.239082
-0.103516 0.239261
-0.102539 0.239442
-0.101562 0.239621
-0.100586 0.239793
-0.0996094 0.239968
-0.0986328 0.240146
-0.0976562 0.240322
-0.0966797 0.2405
-0.0957031 0.240678
-0.0947266 0.240854
-0.09375 0.241032
-0.0927734 0.241238
-0.0917969 0.241429
-0.0908203 0.241614
-0.0898438 0.241804
-0.0888672 0.241984
-0.0878906 0.242169
-0.0869141 0.242356
-0.0859375 0.242542
-0.0849609 0.242719
-0.0839844 0.242901
-0.0830078 0.243085
-0.0820312 0.243267
-0.0810547 0.243452
-0.0800781 0.243635
-0.0791016 0.243818
-0.078125 0.244002
-0.0771484 0.244177
-0.0761719 0.244357
-0.0751953 0.244538
-0.0742188 0.244718
-0.0732422 0.244901
-0.0722656 0.245082
-0.0712891 0.245263
-0.0703125 0.245444
-0.0693359 0.245627
-0.0683594 0.245809
-0.0673828 0.245991
-0.0664062 0.246173
-0.0654297 0.246354
-0.0644531 0.246536
-0.0634766 0.246718
-0.0625 0.246899
-0.0615234 0.247111
-0.0605469 0.247306
-0.0595703 0.247496
-0.0585938 0.247689
-0.0576172 0.247875
-0.0566406 0.248064
-0.0556641 0.248256
-0.0546875 0.248446
-0.0537109 0.248628
-0.0527344 0.248814
-0.0517578 0.249002
-0.0507812 0.249189
-0.0498047 0.249379
-0.0488281 0.249567
-0.0478516 0.249754
-0.046875 0.249942
-0.0458984 0.250122
-0.0449219 0.250306
-0.0439453 0.250492
-0.0429688 0.250677
-0.0419922 0.250864
-0.0410156 0.25105
-0.0400391 0.251235
-0.0390625 0.251421
-0.0380859 0.251608
-0.0371094 0.251795
-0.0361328 0.251981
-0.0351562 0.252168
-0.0341797 0.252354
-0.0332031 0.25254
-0.0322266 0.252726
-0.03125 0.252912
-0.0302734 0.253091
-0.0292969 0.253273
-0.0283203 0.253457
-0.0273438 0.25364
-0.0263672 0.253826
-0.0253906 0.25401
-0.0244141 0.254194
-0.0234375 0.254378
-0.0224609 0.254564
-0.0214844 0.254749
-0.0205078 0.254933
-0.0195312 0.255118
-0.0185547 0.255302
-0.0175781 0.255487
-0.0166016 0.255671
-0.015625 0.255856
-0.0146484 0.256043
-0.0136719 0.256228
-0.0126953 0.256413
-0.0117188 0.256599
-0.0107422 0.256784
-0.00976562 0.256969
-0.00878906 0.257154
-0.0078125 0.257339
-0.00683594 0.257524
-0.00585938 0.257709
-0.00488281 0.257894
-0.00390625 0.258079
-0.00292969 0.258264
-0.00195312 0.258449
-0.000976562 0.258634
0 0.258819
0.000976562 0.207948
0.00195312 0.184438
0.00292969 0.170942
0.00390625 0.150116
0.00488281 0.143951
0.00585938 0.130456
0.00683594 0.114277
0.0078125 0.100063
0.00878906 0.0992655
0.00976562 0.091137
0.0107422 0.080325
0.0117188 0.0714774
0.0126953 0.058701
0.0136719 0.0478891
0.0146484 0.0377961
0.015625 0.0271768
0.0166016 0.0303085
0.0175781 0.0261088
0.0185547 0.0192257
0.0195312 0.014307
0.0205078 0.00545944
0.0214844 -0.00142369
0.0224609 -0.00758778
0.0234375 -0.0142782
0.0244141 -0.0245638
0.0253906 -0.032885
0.0263672 -0.0404872
0.0273438 -0.0486157
0.0283203 -0.0556915
0.0292969 -0.0632936
0.0302734 -0.0710885
0.03125 -0.0787422
0.0322266 -0.0727344
0.0332031 -0.074058
0.0341797 -0.078065
0.0351562 -0.0801076
0.0361328 -0.086079
0.0371094 -0.090086
0.0380859 -0.093374
0.0390625 -0.0971883
0.0400391 -0.104598
0.0410156 -0.110043
0.0419922 -0.114769
0.0429688 -0.120021
0.0439453 -0.124221
0.0449219 -0.128947
0.0458984 -0.133866
0.046875 -0.138643
0.0478516 -0.147106
0.0488281 -0.153603
0.0498047 -0.159382
0.0507812 -0.165687
0.0517578 -0.17094
0.0527344 -0.176718
0.0537109 -0.18269
0.0546875 -0.18852
0.0556641 -0.193387
0.0566406 -0.198781
0.0576172 -0.204367
0.0585938 -0.209812
0.0595703 -0.215539
0.0605469 -0.221125
0.0615234 -0.22666
0.0625 -0.232232
0.0634766 -0.224119
0.0644531 -0.223337
0.0654297 -0.225238
0.0664062 -0.225175
0.0673828 -0.229041
0.0683594 -0.230943
0.0693359 -0.232125
0.0703125 -0.233834
0.0712891 -0.239138
0.0722656 -0.242478
0.0732422 -0.245099
0.0742188 -0.248245
0.0751953 -0.25034
0.0761719 -0.25296
0.0771484 -0.255773
0.078125 -0.258446
0.0791016 -0.264802
0.0800781 -0.269195
0.0810547 -0.272868
0.0820312 -0.277068
0.0830078 -0.280215
0.0839844 -0.283888
0.0849609 -0.287754
0.0859375 -0.291479
0.0869141 -0.29424
0.0878906 -0.297528
0.0888672 -0.301009
0.0898438 -0.304349
0.0908203 -0.30797
0.0917969 -0.311451
0.0927734 -0.31488
0.09375 -0.318347
0.0947266 -0.325474
0.0957031 -0.330637
0.0966797 -0.335081
0.0976562 -0.340052
0.0986328 -0.343969
0.0996094 -0.348413
0.100586 -0.35305
0.101562 -0.357545
0.102539 -0.361078
0.103516 -0.365136
0.104492 -0.369387
0.105469 -0.373498
0.106445 -0.37789
0.107422 -0.382141
0.108398 -0.386341
0.109375 -0.390578
0.110352 -0.393829
0.111328 -0.397605
0.112305 -0.401574
0.113281 -0.405403
0.114258 -0.409513
0.115234 -0.413482
0.116211 -0.4174
0.117188 -0.421355
0.118164 -0.425569
0.119141 -0.429641
0.120117 -0.433662
0.121094 -0.43772
0.12207 -0.441703
0.123047 -0.445724
0.124023 -0.449759
0.125 -0.453784
0.125977 -0.444129
0.126953 -0.441806
0.12793 -0.442166
0.128906 -0.440562
0.129883 -0.442886
0.130859 -0.443247
0.131836 -0.442888
0.132812 -0.443055
0.133789 -0.446818
0.134766 -0.448616
0.135742 -0.449696
0.136719 -0.451301
0.137695 -0.451854
0.138672 -0.452934
0.139648 -0.454205
0.140625 -0.455336
0.141602 -0.460152
0.142578 -0.463003
0.143555 -0.465135
0.144531 -0.467793
0.145508 -0.469399
0.146484 -0.471531
0.147461 -0.473855
0.148438 -0.476039
0.149414 -0.477259
0.150391 -0.479006
0.151367 -0.480945
0.152344 -0.482744
0.15332 -0.484824
0.154297 -0.486763
0.155273 -0.488651
0.15625 -0.490577
0.157227 -0.496163
0.158203 -0.499784
0.15918 -0.502687
0.160156 -0.506116
0.161133 -0.508492
0.162109 -0.511395
0.163086 -0.51449
0.164062 -0.517445
0.165039 -0.519436
0.166016 -0.521953
0.166992 -0.524663
0.167969 -0.527232
0.168945 -0.530083
0.169922 -0.532793
0.170898 -0.535451
0.171875 -0.538147
0.172852 -0.539856
0.173828 -0.542091
0.174805 -0.544519
0.175781 -0.546806
0.176758 -0.549375
0.177734 -0.551803
0.178711 -0.554179
0.179688 -0.556593
0.180664 -0.559266
0.181641 -0.561797
0.182617 -0.564276
0.183594 -0.566794
0.18457 -0.569235
0.185547 -0.571715
0.186523 -0.574208
0.1875 -0.576691
0.188477 -0.582842
0.189453 -0.587028
0.19043 -0.590494
0.191406 -0.594488
0.192383 -0.597428
0.193359 -0.600895
0.194336 -0.604554
0.195312 -0.608073
0.196289 -0.610628
0.197266 -0.613709
0.198242 -0.616983
0.199219 -0.620117
0.200195 -0.623532
0.201172 -0.626806
0.202148 -0.630028
0.203125 -0.633289
0.204102 -0.635562
0.205078 -0.638361
0.206055 -0.641353
0.207031 -0.644204
0.208008 -0.647337
0.208984 -0.650329
0.209961 -0.65327
0.210938 -0.656248
0.211914 -0.659484
0.212891 -0.66258
0.213867 -0.665623
0.214844 -0.668705
0.21582 -0.671711
0.216797 -0.674754
0.217773 -0.677812
0.21875 -0.680859
0.219727 -0.682926
0.220703 -0.685519
0.22168 -0.688304
0.222656 -0.690949
0.223633 -0.693876
0.224609 -0.696661
0.225586 -0.699395
0.226562 -0.702167
0.227539 -0.705197
0.228516 -0.708085
0.229492 -0.710923
0.230469 -0.713798
0.231445 -0.716597
0.232422 -0.719434
0.233398 -0.722285
0.234375 -0.725126
0.235352 -0.728232
0.236328 -0.731196
0.237305 -0.734109
0.238281 -0.737059
0.239258 -0.739934
0.240234 -0.742847
0.241211 -0.745774
0.242188 -0.74869
0.243164 -0.751537
0.244141 -0.754423
0.245117 -0.757322
0.246094 -0.76021
0.24707 -0.763119
0.248047 -0.766018
0.249023 -0.768914
0.25 -0.771812
0.250977 -0.761029
0.251953 -0.757577
0.25293 -0.756809
0.253906 -0.754077
0.254883 -0.755273
0.255859 -0.754505
0.256836 -0.753018
0.257812 -0.752057
0.258789 -0.754691
0.259766 -0.755361
0.260742 -0.755312
0.261719 -0.75579
0.262695 -0.755214
0.263672 -0.755165
0.264648 -0.755309
0.265625 -0.755311
0.266602 -0.758998
0.267578 -0.760721
0.268555 -0.761725
0.269531 -0.763255
0.270508 -0.763732
0.271484 -0.764736
0.272461 -0.765932
0.273438 -0.766988
0.274414 -0.76708
0.275391 -0.767698
0.276367 -0.768509
0.277344 -0.769179
0.27832 -0.770131
0.279297 -0.770942
0.280273 -0.771701
0.28125 -0.772499
0.282227 -0.776956
0.283203 -0.77945
0.28418 -0.781224
0.285156 -0.783525
0.286133 -0.784773
0.287109 -0.786547
0.288086 -0.788514
0.289062 -0.79034
0.290039 -0.791203
0.291016 -0.792592
0.291992 -0.794173
0.292969 -0.795614
0.293945 -0.797337
0.294922 -0.798918
0.295898 -0.800448
0.296875 -0.802016
0.297852 -0.802597
0.298828 -0.803704
0.299805 -0.805003
0.300781 -0.806162
0.301758 -0.807602
0.302734 -0.808902
0.303711 -0.81015
0.304688 -0.811436
0.305664 -0.81298
0.306641 -0.814382
0.307617 -0.815734
0.308594 -0.817123
0.30957 -0.818436
0.310547 -0.819787
0.311523 -0.821152
0.3125 -0.822507
0.313477 -0.827529
0.314453 -0.830587
0.31543 -0.832925
0.316406 -0.83579
0.317383 -0.837602
0.318359 -0.839941
0.319336 -0.842472
0.320312 -0.844862
0.321289 -0.846289
0.322266 -0.848242
0.323242 -0.850388
0.324219 -0.852393
0.325195 -0.854679
0.326172 -0.856825
0.327148 -0.858919
0.328125 -0.861051
0.329102 -0.862196
0.330078 -0.863867
0.331055 -0.865731
0.332031 -0.867454
0.333008 -0.869459
0.333984 -0.871322
0.334961 -0.873134
0.335938 -0.874984
0.336914 -0.877092
0.337891 -0.879059
0.338867 -0.880975
0.339844 -0.882928
0.34082 -0.884805
0.341797 -0.886721
0.342773 -0.88865
0.34375 -0.890569
0.344727 -0.891507
0.345703 -0.892972
0.34668 -0.894629
0.347656 -0.896145
0.348633 -0.897944
0.349609 -0.899601
0.350586 -0.901207
0.351562 -0.90285
0.352539 -0.904752
0.353516 -0.906512
0.354492 -0.908221
0.355469 -0.909968
0.356445 -0.911639
0.357422 -0.913348
0.358398 -0.91507
0.359375 -0.916783
0.360352 -0.91876
0.361328 -0.920596
0.362305 -0.922381
0.363281 -0.924203
0.364258 -0.925949
0.365234 -0.927734
0.366211 -0.929532
0.367188 -0.93132
0.368164 -0.933039
0.369141 -0.934796
0.370117 -0.936567
0.371094 -0.938327
0.37207 -0.940108
0.373047 -0.941879
0.374023 -0.943646
0.375 -0.945415
0.375977 -0.95085
0.376953 -0.954321
0.37793 -0.957072
0.378906 -0.96035
0.379883 -0.962575
0.380859 -0.965327
0.381836 -0.968271
0.382812 -0.971074
0.383789 -0.972914
0.384766 -0.97528
0.385742 -0.977839
0.386719 -0.980256
0.387695 -0.982956
0.388672 -0.985515
0.389648 -0.988022
0.390625 -0.990567
0.391602 -0.992125
0.392578 -0.994209
0.393555 -0.996486
0.394531 -0.998622
0.395508 -1.00104
0.396484 -1.00332
0.397461 -1.00554
0.398438 -1.0078
0.399414 -1.01033
0.400391 -1.01271
0.401367 -1.01503
0.402344 -1.0174
0.40332 -1.01969
0.404297 -1.02202
0.405273 -1.02436
0.40625 -1.02669
0.407227 -1.02804
0.408203 -1.02992
0.40918 -1.03199
0.410156 -1.03392
0.411133 -1.03613
0.412109 -1.0382
0.413086 -1.04022
0.414062 -1.04228
0.415039 -1.04459
0.416016 -1.04677
0.416992 -1.04889
0.417969 -1.05105
0.418945 -1.05313
0.419922 -1.05525
0.420898 -1.05739
0.421875 -1.05951
0.422852 -1.0619
0.423828 -1.06415
0.424805 -1.06635
0.425781 -1.06859
0.426758 -1.07075
0.427734 -1.07294
0.428711 -1.07515
0.429688 -1.07736
0.430664 -1.07949
0.431641 -1.08166
0.432617 -1.08384
0.433594 -1.08601
0.43457 -1.08821
0.435547 -1.09039
0.436523 -1.09257
0.4375 -1.09475
0.438477 -1.09595
0.439453 -1.09768
0.44043 -1.0996
0.441406 -1.10138
0.442383 -1.10344
0.443359 -1.10536
0.444336 -1.10722
0.445312 -1.10913
0.446289 -1.11129
0.447266 -1.11332
0.448242 -1.11529
0.449219 -1.1173
0.450195 -1.11923
0.451172 -1.1212
0.452148 -1.12318
0.453125 -1.12516
0.454102 -1.1274
0.455078 -1.12949
0.456055 -1.13154
0.457031 -1.13362
0.458008 -1.13563
0.458984 -1.13768
0.459961 -1.13974
0.460938 -1.14179
0.461914 -1.14377
0.462891 -1.14579
0.463867 -1.14782
0.464844 -1.14984
0.46582 -1.15189
0.466797 -1.15392
0.467773 -1.15595
0.46875 -1.15798
0.469727 -1.16027
0.470703 -1.16243
0.47168 -1.16453
0.472656 -1.16667
0.473633 -1.16873
0.474609 -1.17083
0.475586 -1.17295
0.476562 -1.17505
0.477539 -1.17709
0.478516 -1.17916
0.479492 -1.18125
0.480469 -1.18333
0.481445 -1.18543
0.482422 -1.18752
0.483398 -1.1896
0.484375 -1.19169
0.485352 -1.1937
0.486328 -1.19576
0.487305 -1.19782
0.488281 -1.19988
0.489258 -1.20196
0.490234 -1.20403
0.491211 -1.20609
0.492188 -1.20816
0.493164 -1.21024
0.494141 -1.21232
0.495117 -1.21439
0.496094 -1.21646
0.49707 -1.21853
0.498047 -1.2206
0.499023 -1.22267
0.5 -1.22474
0.500977 -1.12164
0.501953 -1.0749
0.50293 -1.04879
0.503906 -1.00757
0.504883 -0.996567
0.505859 -0.970457
0.506836 -0.938818
0.507812 -0.911227
0.508789 -0.911275
0.509766 -0.89622
0.510742 -0.875638
0.511719 -0.859102
0.512695 -0.834473
0.513672 -0.81389
0.514648 -0.794789
0.515625 -0.774604
0.516602 -0.782745
0.517578 -0.775784
0.518555 -0.763295
0.519531 -0.754853
0.520508 -0.738317
0.521484 -0.725829
0.522461 -0.714821
0.523438 -0.702729
0.524414 -0.683231
0.525391 -0.667779
0.526367 -0.653809
0.527344 -0.638755
0.52832 -0.625869
0.529297 -0.611899
0.530273 -0.597531
0.53125 -0.583455
0.532227 -0.597522
0.533203 -0.596485
0.53418 -0.589921
0.535156 -0.587404
0.536133 -0.576793
0.537109 -0.570229
0.538086 -0.565146
0.539062 -0.558979
0.540039 -0.545406
0.541016 -0.535879
0.541992 -0.527834
0.542969 -0.518704
0.543945 -0.511743
0.544922 -0.503698
0.545898 -0.495256
0.546875 -0.487104
0.547852 -0.471362
0.548828 -0.459667
0.549805 -0.449453
0.550781 -0.438155
0.551758 -0.429025
0.552734 -0.418811
0.553711 -0.4082
0.554688 -0.39788
0.555664 -0.389544
0.556641 -0.380124
0.557617 -0.370307
0.558594 -0.360781
0.55957 -0.350673
0.560547 -0.340856
0.561523 -0.331145
0.5625 -0.321357
0.563477 -0.339761
0.564453 -0.343062
0.56543 -0.340835
0.566406 -0.342655
0.567383 -0.336381
0.568359 -0.334155
0.569336 -0.333409
0.570312 -0.331579
0.571289 -0.322343
0.572266 -0.317154
0.573242 -0.313446
0.574219 -0.308654
0.575195 -0.30603
0.576172 -0.302322
0.577148 -0.298217
0.578125 -0.294403
0.579102 -0.282998
0.580078 -0.27564
0.581055 -0.269764
0.582031 -0.262803
0.583008 -0.25801
0.583984 -0.252134
0.584961 -0.24586
0.585938 -0.239877
0.586914 -0.235879
0.587891 -0.230796
0.588867 -0.225316
0.589844 -0.220127
0.59082 -0.214356
0.591797 -0.208877
0.592773 -0.203503
0.59375 -0.198052
0.594727 -0.18506
0.595703 -0.176114
0.59668 -0.16865
0.597656 -0.160102
0.598633 -0.153722
0.599609 -0.146258
0.600586 -0.138396
0.601562 -0.130826
0.602539 -0.12524
0.603516 -0.118569
0.604492 -0.111502
0.605469 -0.104725
0.606445 -0.0973674
0.607422 -0.0903001
0.608398 -0.0833391
0.609375 -0.0763003
0.610352 -0.0712953
0.611328 -0.065206
0.612305 -0.0587197
0.613281 -0.052524
0.614258 -0.0457473
0.615234 -0.039261
0.616211 -0.0328811
0.617188 -0.0264234
0.618164 -0.0194339
0.619141 -0.012735
0.620117 -0.00614244
0.621094 0.000527992
0.62207 0.00704272
0.623047 0.0136353
0.624023 0.0202564
0.625 0.0268566
0.625977 0.00527754
0.626953 -0.00119879
0.62793 -0.00214714
0.628906 -0.00714225
0.629883 -0.00404384
0.630859 -0.00499219
0.631836 -0.00742176
0.632812 -0.008767
0.633789 -0.00270615
0.634766 -0.000692067
0.635742 -0.000159199
0.636719 0.00145799
0.637695 0.000906535
0.638672 0.0014394
0.639648 0.00236916
0.640625 0.00300837
0.641602 0.0112379
0.642578 0.0154206
0.643555 0.0181221
0.644531 0.021908
0.645508 0.0235252
0.646484 0.0262267
0.647461 0.0293251
0.648438 0.032133
0.649414 0.0329564
0.650391 0.0348641
0.651367 0.0371687
0.652344 0.0391828
0.65332 0.041778
0.654297 0.0440826
0.655273 0.0462809
0.65625 0.048557
0.657227 0.0583741
0.658203 0.0641444
0.65918 0.0684335
0.660156 0.0738069
0.661133 0.0770117
0.662109 0.0813007
0.663086 0.0859867
0.664062 0.0903822
0.665039 0.0927931
0.666016 0.0962884
0.666992 0.100181
0.667969 0.103782
0.668945 0.107965
0.669922 0.111857
0.670898 0.115643
0.671875 0.119507
0.672852 0.121337
0.673828 0.124251
0.674805 0.127562
0.675781 0.130583
0.676758 0.134184
0.677734 0.137495
0.678711 0.1407
0.679688 0.143983
0.680664 0.147797
0.681641 0.151321
0.682617 0.154738
0.683594 0.158234
0.68457 0.161573
0.685547 0.164991
0.686523 0.168437
0.6875 0.171862
0.688477 0.182841
0.689453 0.189773
0.69043 0.195225
0.691406 0.20176
0.692383 0.206127
0.693359 0.211578
0.694336 0.217427
0.695312 0.222984
0.696289 0.226557
0.697266 0.231215
0.698242 0.236269
0.699219 0.241033
0.700195 0.246378
0.701172 0.251432
0.702148 0.25638
0.703125 0.261406
0.704102 0.264398
0.705078 0.268475
0.706055 0.272948
0.707031 0.277131
0.708008 0.281894
0.708984 0.286368
0.709961 0.290735
0.710938 0.295179
0.711914 0.300156
0.712891 0.304842
0.713867 0.309422
0.714844 0.314079
0.71582 0.318581
0.716797 0.32316
0.717773 0.327769
0.71875 0.332356
0.719727 0.334923
0.720703 0.338574
0.72168 0.342621
0.722656 0.346379
0.723633 0.350717
0.724609 0.354765
0.725586 0.358707
0.726562 0.362726
0.727539 0.367277
0.728516 0.371538
0.729492 0.375692
0.730469 0.379924
0.731445 0.384
0.732422 0.388155
0.733398 0.392337
0.734375 0.396499
0.735352 0.401206
0.736328 0.405622
0.737305 0.409932
0.738281 0.41432
0.739258 0.418552
0.740234 0.422862
0.741211 0.427201
0.742188 0.431518
0.743164 0.435693
0.744141 0.439946
0.745117 0.444228
0.746094 0.448488
0.74707 0.452791
0.748047 0.457072
0.749023 0.461346
0.75 0.465625
0.750977 0.441722
0.751953 0.432921
0.75293 0.429649
0.753906 0.422329
0.754883 0.423103
0.755859 0.41983
0.756836 0.415076
0.757812 0.411407
0.758789 0.415143
0.759766 0.414833
0.760742 0.413042
0.761719 0.412334
0.762695 0.409459
0.763672 0.407667
0.764648 0.406273
0.765625 0.404587
0.766602 0.410493
0.767578 0.412351
0.768555 0.412728
0.769531 0.41419
0.770508 0.413482
0.771484 0.41386
0.772461 0.414634
0.773438 0.415117
0.774414 0.413616
0.775391 0.4132
0.776367 0.41318
0.777344 0.41287
0.77832 0.41314
0.779297 0.413121
0.780273 0.412995
0.78125 0.412946
0.782227 0.420439
0.783203 0.423885
0.78418 0.42585
0.785156 0.428899
0.786133 0.429779
0.787109 0.431744
0.788086 0.434106
0.789062 0.436177
0.790039 0.436263
0.791016 0.437434
0.791992 0.439002
0.792969 0.440279
0.793945 0.442138
0.794922 0.443706
0.795898 0.445167
0.796875 0.446706
0.797852 0.446212
0.798828 0.446802
0.799805 0.447789
0.800781 0.448485
0.801758 0.449762
0.802734 0.450749
0.803711 0.451629
0.804688 0.452587
0.805664 0.454077
0.806641 0.455277
0.807617 0.45637
0.808594 0.457541
0.80957 0.458556
0.810547 0.459649
0.811523 0.460771
0.8125 0.461872
0.813477 0.470527
0.814453 0.475135
0.81543 0.478262
0.816406 0.482473
0.817383 0.484515
0.818359 0.487642
0.819336 0.491166
0.820312 0.494399
0.821289 0.495648
0.822266 0.497981
0.823242 0.500711
0.824219 0.503151
0.825195 0.506171
0.826172 0.508901
0.827148 0.511525
0.828125 0.514226
0.829102 0.514894
0.830078 0.516646
0.831055 0.518795
0.832031 0.520654
0.833008 0.523093
0.833984 0.525242
0.834961 0.527285
0.835938 0.529405
0.836914 0.532057
0.837891 0.534419
0.838867 0.536674
0.839844 0.539007
0.84082 0.541185
0.841797 0.54344
0.842773 0.545724
0.84375 0.547987
0.844727 0.548229
0.845703 0.549555
0.84668 0.551279
0.847656 0.552712
0.848633 0.554726
0.849609 0.55645
0.850586 0.558067
0.851562 0.559762
0.852539 0.561989
0.853516 0.563925
0.854492 0.565755
0.855469 0.567663
0.856445 0.569415
0.857422 0.571244
0.858398 0.573103
0.859375 0.57494
0.860352 0.577323
0.861328 0.579415
0.862305 0.5814
0.863281 0.583464
0.864258 0.585372
0.865234 0.587357
0.866211 0.589371
0.867188 0.591364
0.868164 0.593215
0.869141 0.595144
0.870117 0.597101
0.871094 0.599037
0.87207 0.601015
0.873047 0.602972
0.874023 0.604922
0.875 0.606877
0.875977 0.616382
0.876953 0.621841
0.87793 0.625819
0.878906 0.630881
0.879883 0.633774
0.880859 0.637752
0.881836 0.642126
0.882812 0.646211
0.883789 0.64831
0.884766 0.651494
0.885742 0.655075
0.886719 0.658365
0.887695 0.662236
0.888672 0.665817
0.889648 0.669292
0.890625 0.672844
0.891602 0.674362
0.892578 0.676965
0.893555 0.679965
0.894531 0.682674
0.895508 0.685964
0.896484 0.688964
0.897461 0.691857
0.898438 0.694829
0.899414 0.698331
0.900391 0.701544
0.901367 0.70465
0.902344 0.707834
0.90332 0.710862
0.904297 0.713968
0.905273 0.717103
0.90625 0.720216
0.907227 0.721309
0.908203 0.723487
0.90918 0.726061
0.910156 0.728345
0.911133 0.73121
0.912109 0.733784
0.913086 0.736252
0.914062 0.738798
0.915039 0.741875
0.916016 0.744662
0.916992 0.747343
0.917969 0.750102
0.918945 0.752704
0.919922 0.755385
0.920898 0.758094
0.921875 0.760782
0.922852 0.764016
0.923828 0.766958
0.924805 0.769795
0.925781 0.772709
0.926758 0.775467
0.927734 0.778304
0.928711 0.781169
0.929688 0.784013
0.930664 0.786714
0.931641 0.789494
0.932617 0.792301
0.933594 0.795088
0.93457 0.797917
0.935547 0.800725
0.936523 0.803525
0.9375 0.806331
0.938477 0.807113
0.939453 0.808979
0.94043 0.811242
0.941406 0.813214
0.942383 0.815768
0.943359 0.81803
0.944336 0.820187
0.945312 0.822421
0.946289 0.825188
0.947266 0.827663
0.948242 0.830032
0.949219 0.83248
0.950195 0.834771
0.951172 0.83714
0.952148 0.839538
0.953125 0.841915
0.954102 0.844837
0.955078 0.847468
0.956055 0.849993
0.957031 0.852596
0.958008 0.855043
0.958984 0.857568
0.959961 0.860121
0.960938 0.862654
0.961914 0.865044
0.962891 0.867512
0.963867 0.870008
0.964844 0.872484
0.96582 0.875001
0.966797 0.877498
0.967773 0.879987
0.96875 0.882481
0.969727 0.885517
0.970703 0.888262
0.97168 0.890901
0.972656 0.893618
0.973633 0.896179
0.974609 0.898818
0.975586 0.901485
0.976562 0.904132
0.977539 0.906636
0.978516 0.909218
0.979492 0.911828
0.980469 0.914418
0.981445 0.917049
0.982422 0.91966
0.983398 0.922263
0.984375 0.924871
0.985352 0.927333
0.986328 0.929874
0.987305 0.932442
0.988281 0.93499
0.989258 0.93758
0.990234 0.940148
0.991211 0.94271
0.992188 0.945276
0.993164 0.947881
0.994141 0.950465
0.995117 0.953041
0.996094 0.955623
0.99707 0.958194
0.998047 0.960771
0.999023 0.963349
1 0.965926
1.00098 0.888854
1.00195 0.854466
1.00293 0.835701
1.00391 0.8055
1.00488 0.798172
1.00586 0.779407
1.00684 0.756456
1.00781 0.73657
1.00879 0.737615
1.00977 0.727222
1.01074 0.712644
1.01172 0.70113
1.0127 0.683487
1.01367 0.668909
1.01465 0.655452
1.01562 0.641174
1.0166 0.648348
1.01758 0.644085
1.01855 0.635635
1.01953 0.630251
1.02051 0.618737
1.02148 0.610287
1.02246 0.60296
1.02344 0.594811
1.02441 0.581053
1.02539 0.570361
1.02637 0.56079
1.02734 0.550397
1.02832 0.541647
1.0293 0.532076
1.03027 0.522205
1.03125 0.512553
1.03223 0.524214
1.0332 0.524438
1.03418 0.520475
1.03516 0.519577
1.03613 0.51255
1.03711 0.508587
1.03809 0.505746
1.03906 0.502084
1.04004 0.492814
1.04102 0.486608
1.04199 0.481524
1.04297 0.475618
1.04395 0.471355
1.04492 0.466271
1.0459 0.460886
1.04688 0.455721
1.04785 0.444809
1.04883 0.43696
1.0498 0.430234
1.05078 0.422686
1.05176 0.416781
1.05273 0.410054
1.05371 0.403027
1.05469 0.39622
1.05566 0.390916
1.05664 0.38479
1.05762 0.378364
1.05859 0.372158
1.05957 0.365512
1.06055 0.359086
1.06152 0.352741
1.0625 0.346336
1.06348 0.361282
1.06445 0.36479
1.06543 0.364112
1.06641 0.366498
1.06738 0.362756
1.06836 0.362078
1.06934 0.362522
1.07031 0.362144
1.07129 0.356158
1.07227 0.353237
1.07324 0.351437
1.07422 0.348816
1.0752 0.347838
1.07617 0.346038
1.07715 0.343938
1.07812 0.342058
1.0791 0.334429
1.08008 0.329866
1.08105 0.326424
1.08203 0.322161
1.08301 0.31954
1.08398 0.316098
1.08496 0.312355
1.08594 0.308833
1.08691 0.306813
1.08789 0.303972
1.08887 0.300831
1.08984 0.297909
1.09082 0.294548
1.0918 0.291407
1.09277 0.288346
1.09375 0.285226
1.09473 0.276395
1.0957 0.270629
1.09668 0.265985
1.09766 0.26052
1.09863 0.256697
1.09961 0.252053
1.10059 0.247108
1.10156 0.242383
1.10254 0.239161
1.10352 0.235118
1.10449 0.230774
1.10547 0.226651
1.10645 0.222087
1.10742 0.217743
1.1084 0.21348
1.10938 0.209158
1.11035 0.206376
1.11133 0.202773
1.1123 0.19887
1.11328 0.195186
1.11426 0.191062
1.11523 0.187159
1.11621 0.183336
1.11719 0.179454
1.11816 0.175169
1.11914 0.171104
1.12012 0.16712
1.12109 0.163077
1.12207 0.159152
1.12305 0.155168
1.12402 0.151162
1.125 0.147172
1.12598 0.164522
1.12695 0.170435
1.12793 0.172161
1.12891 0.176952
1.12988 0.175614
1.13086 0.177341
1.13184 0.180189
1.13281 0.182216
1.13379 0.178634
1.13477 0.178118
1.13574 0.178722
1.13672 0.178506
1.1377 0.179932
1.13867 0.180537
1.13965 0.180841
1.14062 0.181365
1.1416 0.176141
1.14258 0.173982
1.14355 0.172945
1.14453 0.171086
1.14551 0.17087
1.14648 0.169832
1.14746 0.168494
1.14844 0.167376
1.14941 0.167761
1.15039 0.167324
1.15137 0.166588
1.15234 0.166071
1.15332 0.165114
1.1543 0.164377
1.15527 0.16372
1.15625 0.163005
1.15723 0.156579
1.1582 0.153217
1.15918 0.150978
1.16016 0.147917
1.16113 0.146498
1.16211 0.144259
1.16309 0.141718
1.16406 0.139398
1.16504 0.13858
1.16602 0.136942
1.16699 0.135003
1.16797 0.133284
1.16895 0.131124
1.16992 0.129185
1.1709 0.127326
1.17188 0.125409
1.17285 0.125031
1.17383 0.123833
1.1748 0.122334
1.17578 0.121055
1.17676 0.119335
1.17773 0.117836
1.17871 0.116418
1.17969 0.11494
1.18066 0.11306
1.18164 0.1114
1.18262 0.10982
1.18359 0.108182
1.18457 0.106661
1.18555 0.105081
1.18652 0.10348
1.1875 0.101894
1.18848 0.0945884
1.18945 0.0903468
1.19043 0.087227
1.19141 0.083286
1.19238 0.0809873
1.19336 0.0778675
1.19434 0.0744471
1.19531 0.0712467
1.19629 0.0695491
1.19727 0.0670304
1.19824 0.0642111
1.19922 0.0616119
1.2002 0.0585726
1.20117 0.0557533
1.20215 0.0530145
1.20312 0.0502168
1.2041 0.0489593
1.20508 0.0468806
1.20605 0.0445014
1.20703 0.0423422
1.20801 0.0397429
1.20898 0.0373637
1.20996 0.035065
1.21094 0.0327074
1.21191 0.029947
1.21289 0.0274068
1.21387 0.024947
1.21484 0.0224283
1.21582 0.0200275
1.2168 0.0175677
1.21777 0.0150864
1.21875 0.0126208
1.21973 0.0116854
1.2207 0.00992888
1.22168 0.00787179
1.22266 0.00603473
1.22363 0.00375761
1.22461 0.00170052
1.22559 -0.000276036
1.22656 -0.00231155
1.22754 -0.00474973
1.22852 -0.00696789
1.22949 -0.00910552
1.23047 -0.0113021
1.23145 -0.0133808
1.23242 -0.0155184
1.2334 -0.0176776
1.23438 -0.019821
1.23535 -0.0223771
1.23633 -0.0247132
1.2373 -0.0269687
1.23828 -0.0292832
1.23926 -0.0314798
1.24023 -0.0337353
1.24121 -0.0360124
1.24219 -0.0382738
1.24316 -0.0404272
1.24414 -0.0426396
1.24512 -0.0448735
1.24609 -0.0470917
1.24707 -0.0493414
1.24805 -0.0515754
1.24902 -0.0538036
1.25 -0.056036
1.25098 -0.036926
1.25195 -0.029253
1.25293 -0.0257664
1.25391 -0.0192151
1.25488 -0.018793
1.25586 -0.0153063
1.25684 -0.0106979
1.25781 -0.00691068
1.25879 -0.00873195
1.25977 -0.00748867
1.26074 -0.00512369
1.26172 -0.00357985
1.2627 -0.000393724
1.26367 0.00197126
1.26465 0.00403568
1.26562 0.00632013
1.2666 0.00285657
1.26758 0.00245756
1.26855 0.00318026
1.26953 0.00308181
1.27051 0.00462565
1.27148 0.00534834
1.27246 0.00577048
1.27344 0.00641264
1.27441 0.0085576
1.27539 0.00988141
1.27637 0.0109047
1.27734 0.0121479
1.27832 0.0129512
1.2793 0.0139744
1.28027 0.0150782
1.28125 0.0161231
1.28223 0.0114573
1.2832 0.00985602
1.28418 0.00937647
1.28516 0.00807579
1.28613 0.00841739
1.28711 0.00793785
1.28809 0.00715775
1.28906 0.00659767
1.29004 0.00754039
1.29102 0.00766197
1.29199 0.00748298
1.29297 0.00752402
1.29395 0.00712502
1.29492 0.00694603
1.2959 0.00684759
1.29688 0.00669018
1.29785 0.00807295
1.29883 0.00863458
1.2998 0.00889565
1.30078 0.00937674
1.30176 0.00941778
1.30273 0.00967884
1.30371 0.0100204
1.30469 0.0103031
1.30566 0.0101831
1.30664 0.0102831
1.30762 0.0104636
1.30859 0.0105852
1.30957 0.0108247
1.31055 0.0110052
1.31152 0.0111641
1.3125 0.0113389
1.31348 0.005793
1.31445 0.00331166
1.31543 0.00195202
1.31641 -0.000228767
1.31738 -0.000767264
1.31836 -0.0021269
1.31934 -0.0037871
1.32031 -0.00522728
1.32129 -0.00516466
1.32227 -0.00592318
1.32324 -0.00698226
1.32422 -0.00782132
1.3252 -0.00910043
1.32617 -0.0101595
1.32715 -0.0111381
1.32812 -0.0121756
1.3291 -0.0116729
1.33008 -0.0119914
1.33105 -0.0126104
1.33203 -0.0130094
1.33301 -0.0138485
1.33398 -0.0144675
1.33496 -0.015006
1.33594 -0.0156034
1.33691 -0.0166036
1.33789 -0.0173837
1.33887 -0.0180832
1.33984 -0.0188418
1.34082 -0.0194824
1.3418 -0.0201819
1.34277 -0.0209031
1.34375 -0.0216084
1.34473 -0.0207836
1.3457 -0.02078
1.34668 -0.0210768
1.34766 -0.0211537
1.34863 -0.0216706
1.34961 -0.0219675
1.35059 -0.0221839
1.35156 -0.0224592
1.35254 -0.0231372
1.35352 -0.0235951
1.35449 -0.0239726
1.35547 -0.024409
1.35645 -0.0247274
1.35742 -0.0251049
1.3584 -0.0255039
1.35938 -0.0258871
1.36035 -0.026683
1.36133 -0.0272589
1.3623 -0.0277542
1.36328 -0.0283085
1.36426 -0.0287449
1.36523 -0.0292402
1.36621 -0.0297571
1.36719 -0.0302582
1.36816 -0.0306515
1.36914 -0.0311037
1.37012 -0.0315774
1.37109 -0.0320354
1.37207 -0.0325249
1.37305 -0.0329987
1.37402 -0.0334667
1.375 -0.0339389
1.37598 -0.040129
1.37695 -0.0432547
1.37793 -0.0452586
1.37891 -0.0480836
1.37988 -0.0492664
1.38086 -0.0512703
1.38184 -0.0535748
1.38281 -0.0556593
1.38379 -0.0562409
1.38477 -0.0576437
1.38574 -0.0593471
1.38672 -0.0608304
1.3877 -0.0627538
1.38867 -0.0644572
1.38965 -0.06608
1.39062 -0.0677618
1.3916 -0.0679034
1.39258 -0.0688661
1.39355 -0.0701294
1.39453 -0.0711727
1.39551 -0.072656
1.39648 -0.0739194
1.39746 -0.0751021
1.39844 -0.0763439
1.39941 -0.0779883
1.40039 -0.0794126
1.40137 -0.0807565
1.40234 -0.0821593
1.40332 -0.0834442
1.4043 -0.084788
1.40527 -0.0861534
1.40625 -0.0875031
1.40723 -0.0873225
1.4082 -0.0879631
1.40918 -0.0889043
1.41016 -0.0896255
1.41113 -0.0907867
1.41211 -0.0917278
1.41309 -0.0925885
1.41406 -0.093508
1.41504 -0.0948303
1.41602 -0.0959326
1.41699 -0.0969543
1.41797 -0.0980349
1.41895 -0.0989977
1.41992 -0.100019
1.4209 -0.101063
1.42188 -0.10209
1.42285 -0.10353
1.42383 -0.10475
1.4248 -0.10589
1.42578 -0.107089
1.42676 -0.108169
1.42773 -0.109309
1.42871 -0.11047
1.42969 -0.111616
1.43066 -0.112653
1.43164 -0.113749
1.43262 -0.114868
1.43359 -0.11597
1.43457 -0.117104
1.43555 -0.118222
1.43652 -0.119334
1.4375 -0.12045
1.43848 -0.120034
1.43945 -0.120439
1.44043 -0.121144
1.44141 -0.121629
1.44238 -0.122555
1.44336 -0.12326
1.44434 -0.123885
1.44531 -0.124569
1.44629 -0.125655
1.44727 -0.126522
1.44824 -0.127308
1.44922 -0.128152
1.4502 -0.128879
1.45117 -0.129665
1.45215 -0.130473
1.45312 -0.131264
1.4541 -0.132469
1.45508 -0.133453
1.45605 -0.134357
1.45703 -0.13532
1.45801 -0.136164
1.45898 -0.137068
1.45996 -0.137994
1.46094 -0.138903
1.46191 -0.139705
1.46289 -0.140565
1.46387 -0.141448
1.46484 -0.142314
1.46582 -0.143212
1.4668 -0.144094
1.46777 -0.144971
1.46875 -0.145851
1.46973 -0.147142
1.4707 -0.148213
1.47168 -0.149203
1.47266 -0.150252
1.47363 -0.151183
1.47461 -0.152173
1.47559 -0.153185
1.47656 -0.154181
1.47754 -0.155069
1.47852 -0.156016
1.47949 -0.156984
1.48047 -0.157937
1.48145 -0.158921
1.48242 -0.15989
1.4834 -0.160853
1.48438 -0.16182
1.48535 -0.162676
1.48633 -0.163591
1.4873 -0.164528
1.48828 -0.165449
1.48926 -0.166402
1.49023 -0.167339
1.49121 -0.16827
1.49219 -0.169206
1.49316 -0.17017
1.49414 -0.171118
1.49512 -0.172061
1.49609 -0.173008
1.49707 -0.173947
1.49805 -0.174889
1.49902 -0.175834
1.5 -0.176777
1.50098 -0.156378
1.50195 -0.147417
1.50293 -0.142641
1.50391 -0.134802
1.50488 -0.133091
1.50586 -0.128316
1.50684 -0.122419
1.50781 -0.117343
1.50879 -0.117876
1.50977 -0.115344
1.51074 -0.11169
1.51172 -0.108858
1.5127 -0.104383
1.51367 -0.10073
1.51465 -0.0973767
1.51562 -0.0938037
1.5166 -0.0959787
1.51758 -0.0950892
1.51855 -0.0930779
1.51953 -0.0918878
1.52051 -0.0890554
1.52148 -0.0870442
1.52246 -0.0853335
1.52344 -0.0834028
1.52441 -0.0799693
1.52539 -0.0773569
1.52637 -0.0750451
1.52734 -0.0725133
1.52832 -0.0704215
1.5293 -0.0681097
1.53027 -0.0657173
1.53125 -0.063384
1.53223 -0.0667612
1.5332 -0.0670739
1.53418 -0.0662649
1.53516 -0.066277
1.53613 -0.0646468
1.53711 -0.0638378
1.53809 -0.0633294
1.53906 -0.0626009
1.54004 -0.0603696
1.54102 -0.0589595
1.54199 -0.0578499
1.54297 -0.0565203
1.54395 -0.0556308
1.54492 -0.0545212
1.5459 -0.0533311
1.54688 -0.0522
1.54785 -0.0495286
1.54883 -0.0476785
1.5498 -0.0461288
1.55078 -0.0443592
1.55176 -0.0430296
1.55273 -0.04148
1.55371 -0.0398498
1.55469 -0.0382786
1.55566 -0.0371101
1.55664 -0.0357215
1.55762 -0.0342525
1.55859 -0.0328423
1.55957 -0.0313143
1.56055 -0.0298452
1.56152 -0.0283977
1.5625 -0.0269344
1.56348 -0.0311917
1.56445 -0.0323845
1.56543 -0.0324556
1.56641 -0.0333478
1.56738 -0.0325978
1.56836 -0.0326689
1.56934 -0.0330405
1.57031 -0.0331921
1.57129 -0.031841
1.57227 -0.0313109
1.57324 -0.0310814
1.57422 -0.0306319
1.5752 -0.0306225
1.57617 -0.030393
1.57715 -0.030083
1.57812 -0.029832
1.5791 -0.0280407
1.58008 -0.0270707
1.58105 -0.0264011
1.58203 -0.0255116
1.58301 -0.0250621
1.58398 -0.0243926
1.58496 -0.0236425
1.58594 -0.0229514
1.58691 -0.022663
1.58789 -0.0221545
1.58887 -0.0215656
1.58984 -0.0210355
1.59082 -0.0203876
1.5918 -0.0197986
1.59277 -0.0192312
1.59375 -0.018648
1.59473 -0.0165346
1.5957 -0.0152424
1.59668 -0.0142507
1.59766 -0.013039
1.59863 -0.0122674
1.59961 -0.0112758
1.60059 -0.0102036
1.60156 -0.00919032
1.60254 -0.00857975
1.60352 -0.00774916
1.60449 -0.00683803
1.60547 -0.00598586
1.60645 -0.00501578
1.60742 -0.00410466
1.6084 -0.00321511
1.60938 -0.00230977
1.61035 -0.00181711
1.61133 -0.00110443
1.6123 -0.000311217
1.61328 0.000423043
1.61426 0.00127521
1.61523 0.00206843
1.61621 0.00284006
1.61719 0.0036275
1.61816 0.00452282
1.61914 0.0053592
1.62012 0.00617399
1.62109 0.00700458
1.62207 0.00780358
1.62305 0.00861837
1.62402 0.00943895
1.625 0.0102553
1.62598 0.00535368
1.62695 0.00351661
1.62793 0.00280125
1.62891 0.00126474
1.62988 0.00137052
1.63086 0.000655158
1.63184 -0.000360765
1.63281 -0.00115666
1.63379 -0.000449765
1.63477 -0.000564011
1.63574 -0.000978815
1.63672 -0.00117359
1.6377 -0.00180842
1.63867 -0.00222323
1.63965 -0.0025575
1.64062 -0.00295072
1.6416 -0.00180378
1.64258 -0.00147797
1.64355 -0.00145273
1.64453 -0.00120746
1.64551 -0.00140224
1.64648 -0.00137699
1.64746 -0.00127121
1.64844 -0.00122439
1.64941 -0.00158024
1.65039 -0.00171606
1.65137 -0.00177135
1.65234 -0.0018856
1.65332 -0.00188193
1.6543 -0.00193722
1.65527 -0.00201409
1.65625 -0.00207516
1.65723 -0.000606076
1.6582 4.18672e-05
1.65918 0.000389251
1.66016 0.000956659
1.66113 0.00108402
1.66211 0.0014314
1.66309 0.00185932
1.66406 0.00222828
1.66504 0.00219457
1.66602 0.00238088
1.66699 0.00264773
1.66797 0.00285563
1.66895 0.00318143
1.66992 0.00344828
1.6709 0.00369355
1.67188 0.00395462
1.67285 0.00380299
1.67383 0.0038714
1.6748 0.00402034
1.67578 0.00411032
1.67676 0.00431821
1.67773 0.00446715
1.67871 0.00459451
1.67969 0.00473766
1.68066 0.00498872
1.68164 0.00518081
1.68262 0.00535133
1.68359 0.00553764
1.68457 0.00569236
1.68555 0.00586288
1.68652 0.00603918
1.6875 0.00621125
1.68848 0.00791615
1.68945 0.00879992
1.69043 0.00938312
1.69141 0.0101864
1.69238 0.0105495
1.69336 0.0111327
1.69434 0.0117965
1.69531 0.0124013
1.69629 0.0126034
1.69727 0.0130255
1.69824 0.0135282
1.69922 0.0139719
1.7002 0.0145335
1.70117 0.0150362
1.70215 0.0155173
1.70312 0.0160142
1.7041 0.0160984
1.70508 0.0164026
1.70605 0.0167874
1.70703 0.0171132
1.70801 0.0175569
1.70898 0.0179416
1.70996 0.0183048
1.71094 0.0186838
1.71191 0.0191707
1.71289 0.0195986
1.71387 0.0200049
1.71484 0.0204271
1.71582 0.0208176
1.7168 0.0212239
1.71777 0.0216361
1.71875 0.0220439
1.71973 0.0220418
1.7207 0.0222597
1.72168 0.0225582
1.72266 0.0227977
1.72363 0.0231551
1.72461 0.0234535
1.72559 0.0237304
1.72656 0.024023
1.72754 0.0244236
1.72852 0.0247652
1.72949 0.0250852
1.73047 0.025421
1.73145 0.0257253
1.73242 0.0260453
1.7334 0.0263711
1.73438 0.0266927
1.73535 0.0271248
1.73633 0.027498
1.7373 0.0278496
1.73828 0.028217
1.73926 0.0285529
1.74023 0.0289045
1.74121 0.0292619
1.74219 0.029615
1.74316 0.0299393
1.74414 0.0302793
1.74512 0.0306252
1.74609 0.0309668
1.74707 0.0313168
1.74805 0.0316627
1.74902 0.032007
1.75 0.0323524
1.75098 0.0269791
1.75195 0.0246704
1.75293 0.0234834
1.75391 0.0214753
1.75488 0.0211094
1.75586 0.0199224
1.75684 0.0184348
1.75781 0.0171673
1.75879 0.0174025
1.75977 0.0168166
1.76074 0.0159302
1.76172 0.0152638
1.7627 0.0141573
1.76367 0.0132708
1.76465 0.0124649
1.76562 0.0116001
1.7666 0.0122754
1.76758 0.0121295
1.76855 0.0116831
1.76953 0.0114568
1.77051 0.0107903
1.77148 0.0103439
1.77246 0.00997807
1.77344 0.00955326
1.77441 0.00872576
1.77539 0.00811829
1.77637 0.00759136
1.77734 0.00700547
1.77832 0.0065375
1.7793 0.00601056
1.78027 0.00546205
1.78125 0.00492933
1.78223 0.00592678
1.7832 0.00610308
1.78418 0.00597882
1.78516 0.00607458
1.78613 0.0057303
1.78711 0.00560604
1.78809 0.00556231
1.78906 0.00545963
1.79004 0.00495428
1.79102 0.00466895
1.79199 0.00446415
1.79297 0.0042004
1.79395 0.00405456
1.79492 0.00384977
1.7959 0.00362339
1.79688 0.00341282
1.79785 0.00278955
1.79883 0.00238631
1.7998 0.00206361
1.80078 0.00168194
1.80176 0.00141819
1.80273 0.00109549
1.80371 0.000751204
1.80469 0.000422717
1.80566 0.000202125
1.80664 -7.74222e-05
1.80762 -0.000378549
1.80859 -0.000663878
1.80957 -0.000980801
1.81055 -0.00128193
1.81152 -0.00157727
1.8125 -0.00187685
1.81348 -0.000643585
1.81445 -0.000231464
1.81543 -0.000119902
1.81641 0.000211684
1.81738 0.000103221
1.81836 0.000214783
1.81934 0.000406879
1.82031 0.00054002
1.82129 0.000270488
1.82227 0.00022098
1.82324 0.000252007
1.82422 0.000224079
1.8252 0.000314061
1.82617 0.000345088
1.82715 0.000354536
1.82812 0.000379781
1.8291 -7.66223e-06
1.83008 -0.000175081
1.83105 -0.000261965
1.83203 -0.000407804
1.83301 -0.000435732
1.83398 -0.000522616
1.83496 -0.000631079
1.83594 -0.000723745
1.83691 -0.000708515
1.83789 -0.00075224
1.83887 -0.000817545
1.83984 -0.000867053
1.84082 -0.000948154
1.8418 -0.00101346
1.84277 -0.00107298
1.84375 -0.00113674
1.84473 -0.0016105
1.8457 -0.00186423
1.84668 -0.00203743
1.84766 -0.00226959
1.84863 -0.00238383
1.84961 -0.00255703
1.85059 -0.00275181
1.85156 -0.0029308
1.85254 -0.00300188
1.85352 -0.00313193
1.85449 -0.00328355
1.85547 -0.00341937
1.85645 -0.00358679
1.85742 -0.00373841
1.8584 -0.00388425
1.85938 -0.00403432
1.86035 -0.00407382
1.86133 -0.00417226
1.8623 -0.00429229
1.86328 -0.00439652
1.86426 -0.00453235
1.86523 -0.00465237
1.86621 -0.00476662
1.86719 -0.0048851
1.86816 -0.00503248
1.86914 -0.00516408
1.87012 -0.00528989
1.87109 -0.00541993
1.87207 -0.0055415
1.87305 -0.00566731
1.87402 -0.00579467
1.875 -0.0059209
1.87598 -0.004515
1.87695 -0.00393024
1.87793 -0.00364605
1.87891 -0.00314183
1.87988 -0.00307766
1.88086 -0.00279346
1.88184 -0.00242873
1.88281 -0.00212296
1.88379 -0.00221986
1.88477 -0.00209673
1.88574 -0.00189307
1.88672 -0.00174837
1.8877 -0.00148575
1.88867 -0.00128209
1.88965 -0.00110001
1.89062 -0.000902131
1.8916 -0.00111694
1.89258 -0.00111173
1.89355 -0.00102598
1.89453 -0.000999182
1.89551 -0.000854476
1.89648 -0.000768727
1.89746 -0.000704556
1.89844 -0.000624589
1.89941 -0.000436725
1.90039 -0.000307817
1.90137 -0.000200488
1.90234 -7.73625e-05
1.90332 1.41692e-05
1.9043 0.000121498
1.90527 0.000234609
1.90625 0.000343487
1.90723 4.23608e-05
1.9082 -3.87409e-05
1.90918 -3.9308e-05
1.91016 -9.88305e-05
1.91113 -4.04422e-05
1.91211 -4.10092e-05
1.91309 -6.31555e-05
1.91406 -6.95047e-05
1.91504 3.2042e-05
1.91602 7.46333e-05
1.91699 9.56454e-05
1.91797 0.000132455
1.91895 0.00013767
1.91992 0.000158682
1.9209 0.000185476
1.92188 0.000208037
1.92285 0.000341178
1.92383 0.000415364
1.9248 0.00046797
1.92578 0.000536373
1.92676 0.000573182
1.92773 0.000625788
1.92871 0.000684177
1.92969 0.000738332
1.93066 0.000763577
1.93164 0.000804619
1.93262 0.000851443
1.93359 0.000894035
1.93457 0.000945091
1.93555 0.000991916
1.93652 0.00103719
1.9375 0.0010836
1.93848 0.000719285
1.93945 0.000574995
1.94043 0.000511239
1.94141 0.000388529
1.94238 0.000383729
1.94336 0.000319973
1.94434 0.000234639
1.94531 0.000165101
1.94629 0.00020346
1.94727 0.000182863
1.94824 0.000140687
1.94922 0.000114308
1.9502 5.63345e-05
1.95117 1.41583e-05
1.95215 -2.22357e-05
1.95312 -6.28625e-05
1.9541 7.09007e-06
1.95508 1.80872e-05
1.95605 7.50521e-06
1.95703 1.27202e-05
1.95801 -1.36588e-05
1.95898 -2.42409e-05
1.95996 -2.90408e-05
1.96094 -3.80735e-05
1.96191 -7.60168e-05
1.96289 -9.81631e-05
1.96387 -0.000114527
1.96484 -0.000135124
1.96582 -0.000147256
1.9668 -0.00016362
1.96777 -0.000181533
1.96875 -0.000198312
1.96973 -0.000105231
1.9707 -7.11057e-05
1.97168 -5.85592e-05
1.97266 -3.02157e-05
1.97363 -3.34662e-05
1.97461 -2.09198e-05
1.97559 -2.59115e-06
1.97656 1.15046e-05
1.97754 -3.31019e-06
1.97852 -2.32797e-06
1.97949 4.43639e-06
1.98047 6.96793e-06
1.98145 1.79651e-05
1.98242 2.47294e-05
1.9834 2.99445e-05
1.98438 3.62937e-05
1.98535 1.30132e-05
1.98633 5.52985e-06
1.9873 3.82858e-06
1.98828 -2.1055e-06
1.98926 4.26048e-07
1.99023 -1.27522e-06
1.99121 -4.5258e-06
1.99219 -6.64221e-06
1.99316 -1.01203e-06
1.99414 3.85332e-07
1.99512 2.33381e-07
1.99609 1.21561e-06
1.99707 -7.05207e-08
1.99805 -2.22472e-07
1.99902 4.07152e-08
2 0
