0 0
0.000976562 0.000507568
0.00195312 0.00107886
0.00292969 0.00160108
0.00390625 0.00229317
0.00488281 0.00281757
0.00585938 0.00340316
0.00683594 0.00413195
0.0078125 0.00487423
0.00878906 0.00541887
0.00976562 0.00598887
0.0107422 0.00662723
0.0117188 0.00723358
0.0126953 0.00799682
0.0136719 0.00878266
0.0146484 0.00954582
0.015625 0.0103604
0.0166016 0.0109424
0.0175781 0.0115181
0.0185547 0.0121529
0.0195312 0.0127296
0.0205078 0.0134094
0.0214844 0.0140865
0.0224609 0.0147215
0.0234375 0.0153753
0.0244141 0.0161779
0.0253906 0.0169976
0.0263672 0.0178075
0.0273438 0.0186679
0.0283203 0.0194699
0.0292969 0.0202901
0.0302734 0.0211548
0.03125 0.0220215
0.0322266 0.0226479
0.0332031 0.0232585
0.0341797 0.0239057
0.0351562 0.0244822
0.0361328 0.0251648
0.0371094 0.0258315
0.0380859 0.0264396
0.0390625 0.0270574
0.0400391 0.0277792
0.0410156 0.0285023
0.0419922 0.0292079
0.0429688 0.0299415
0.0439453 0.0306149
0.0449219 0.0312911
0.0458984 0.0319914
0.046875 0.032681
0.0478516 0.0335238
0.0488281 0.0343868
0.0498047 0.0352325
0.0507812 0.0361292
0.0517578 0.0369808
0.0527344 0.0378507
0.0537109 0.0387625
0.0546875 0.0396796
0.0556641 0.0405284
0.0566406 0.0413841
0.0576172 0.0422619
0.0585938 0.0431275
0.0595703 0.0440435
0.0605469 0.0449656
0.0615234 0.0458789
0.0625 0.0468078
0.0634766 0.047486
0.0644531 0.0481392
0.0654297 0.0488272
0.0664062 0.049437
0.0673828 0.0501364
0.0683594 0.0508128
0.0693359 0.0514252
0.0703125 0.052038
0.0712891 0.0527656
0.0722656 0.0534889
0.0732422 0.0541844
0.0742188 0.0549061
0.0751953 0.0555538
0.0761719 0.0561985
0.0771484 0.0568643
0.078125 0.0575118
0.0791016 0.0582738
0.0800781 0.0590459
0.0810547 0.0597975
0.0820312 0.0605829
0.0830078 0.0613287
0.0839844 0.0620827
0.0849609 0.0628631
0.0859375 0.063642
0.0869141 0.0643582
0.0878906 0.0650733
0.0888672 0.0658004
0.0898438 0.0665108
0.0908203 0.0672557
0.0917969 0.0679992
0.0927734 0.068729
0.09375 0.0694649
0.0947266 0.0703514
0.0957031 0.0712564
0.0966797 0.0721483
0.0976562 0.0730908
0.0986328 0.0739805
0.0996094 0.0748884
0.100586 0.0758397
0.101562 0.0767943
0.102539 0.0776953
0.103516 0.0786044
0.104492 0.0795329
0.105469 0.0804534
0.106445 0.0814189
0.107422 0.0823914
0.108398 0.0833585
0.109375 0.0843408
0.110352 0.0852443
0.111328 0.086145
0.112305 0.0870645
0.113281 0.0879638
0.114258 0.0888976
0.115234 0.0898297
0.116211 0.0907467
0.117188 0.0916696
0.118164 0.0926405
0.119141 0.0936165
0.120117 0.0945885
0.121094 0.0955765
0.12207 0.0965444
0.123047 0.0975177
0.124023 0.0985049
0.125 0.0994921
0.125977 0.100227
0.126953 0.100934
0.12793 0.101669
0.128906 0.102322
0.129883 0.103067
0.130859 0.103785
0.131836 0.104434
0.132812 0.105081
0.133789 0.105828
0.134766 0.106567
0.135742 0.107276
0.136719 0.108005
0.137695 0.10866
0.138672 0.109307
0.139648 0.109969
0.140625 0.110609
0.141602 0.111378
0.142578 0.112156
0.143555 0.112907
0.144531 0.113693
0.145508 0.114429
0.146484 0.115171
0.147461 0.115941
0.148438 0.116705
0.149414 0.117396
0.150391 0.118082
0.151367 0.118778
0.152344 0.119453
0.15332 0.120163
0.154297 0.120868
0.155273 0.121554
0.15625 0.122244
0.157227 0.123048
0.158203 0.123864
0.15918 0.124666
0.160156 0.125505
0.161133 0.126298
0.162109 0.127102
0.163086 0.127938
0.164062 0.128772
0.165039 0.129563
0.166016 0.130357
0.166992 0.131163
0.167969 0.13196
0.168945 0.132788
0.169922 0.133618
0.170898 0.134442
0.171875 0.135274
0.172852 0.136038
0.173828 0.136796
0.174805 0.137566
0.175781 0.138316
0.176758 0.139091
0.177734 0.139862
0.178711 0.140616
0.179688 0.141372
0.180664 0.142163
0.181641 0.142955
0.182617 0.143741
0.183594 0.144536
0.18457 0.145311
0.185547 0.146087
0.186523 0.146871
0.1875 0.147651
0.188477 0.148583
0.189453 0.149535
0.19043 0.150472
0.191406 0.151459
0.192383 0.152397
0.193359 0.153355
0.194336 0.154354
0.195312 0.155358
0.196289 0.1563
0.197266 0.157249
0.198242 0.158219
0.199219 0.159179
0.200195 0.160187
0.201172 0.161201
0.202148 0.162208
0.203125 0.16323
0.204102 0.164188
0.205078 0.165145
0.206055 0.166119
0.207031 0.167077
0.208008 0.168064
0.208984 0.169051
0.209961 0.170026
0.210938 0.171008
0.211914 0.172031
0.212891 0.17306
0.213867 0.174086
0.214844 0.175127
0.21582 0.176152
0.216797 0.177182
0.217773 0.178226
0.21875 0.17927
0.219727 0.180233
0.220703 0.181191
0.22168 0.18216
0.222656 0.183105
0.223633 0.184085
0.224609 0.18506
0.225586 0.186014
0.226562 0.186971
0.227539 0.187964
0.228516 0.188956
0.229492 0.189942
0.230469 0.190937
0.231445 0.191912
0.232422 0.192886
0.233398 0.193869
0.234375 0.194848
0.235352 0.195877
0.236328 0.196912
0.237305 0.197941
0.238281 0.198986
0.239258 0.200016
0.240234 0.201052
0.241211 0.202102
0.242188 0.203152
0.243164 0.20418
0.244141 0.20521
0.245117 0.206246
0.246094 0.207278
0.24707 0.208327
0.248047 0.209377
0.249023 0.210424
0.25 0.211475
0.250977 0.212271
0.251953 0.213037
0.25293 0.21383
0.253906 0.214539
0.254883 0.215335
0.255859 0.216102
0.256836 0.216799
0.257812 0.217491
0.258789 0.218287
0.259766 0.219073
0.260742 0.219827
0.261719 0.220599
0.262695 0.221293
0.263672 0.221979
0.264648 0.222678
0.265625 0.223354
0.266602 0.224146
0.267578 0.224943
0.268555 0.225713
0.269531 0.226514
0.270508 0.227266
0.271484 0.228021
0.272461 0.228799
0.273438 0.22957
0.274414 0.230269
0.275391 0.230961
0.276367 0.23166
0.277344 0.232337
0.27832 0.233044
0.279297 0.233744
0.280273 0.234424
0.28125 0.235105
0.282227 0.235917
0.283203 0.23674
0.28418 0.237546
0.285156 0.238392
0.286133 0.239185
0.287109 0.239988
0.288086 0.240825
0.289062 0.24166
0.290039 0.242441
0.291016 0.243225
0.291992 0.24402
0.292969 0.244802
0.293945 0.24562
0.294922 0.246438
0.295898 0.247246
0.296875 0.248063
0.297852 0.248801
0.298828 0.249531
0.299805 0.250272
0.300781 0.250989
0.301758 0.251733
0.302734 0.252469
0.303711 0.253186
0.304688 0.253902
0.305664 0.254657
0.306641 0.255411
0.307617 0.256156
0.308594 0.25691
0.30957 0.25764
0.310547 0.258369
0.311523 0.259105
0.3125 0.259835
0.313477 0.260683
0.314453 0.261545
0.31543 0.262393
0.316406 0.263278
0.317383 0.264125
0.318359 0.264984
0.319336 0.265874
0.320312 0.266767
0.321289 0.267608
0.322266 0.268453
0.323242 0.269312
0.324219 0.270162
0.325195 0.271048
0.326172 0.271937
0.327148 0.272819
0.328125 0.27371
0.329102 0.274552
0.330078 0.275392
0.331055 0.276242
0.332031 0.27708
0.333008 0.277937
0.333984 0.278793
0.334961 0.279638
0.335938 0.280486
0.336914 0.281365
0.337891 0.282247
0.338867 0.283125
0.339844 0.284012
0.34082 0.284886
0.341797 0.285763
0.342773 0.286647
0.34375 0.287531
0.344727 0.288347
0.345703 0.289155
0.34668 0.289972
0.347656 0.290767
0.348633 0.291589
0.349609 0.292404
0.350586 0.293201
0.351562 0.293998
0.352539 0.294823
0.353516 0.295645
0.354492 0.296461
0.355469 0.297283
0.356445 0.298085
0.357422 0.298886
0.358398 0.299692
0.359375 0.300492
0.360352 0.301332
0.361328 0.302175
0.362305 0.30301
0.363281 0.303858
0.364258 0.304691
0.365234 0.305527
0.366211 0.306373
0.367188 0.307217
0.368164 0.308041
0.369141 0.308865
0.370117 0.309692
0.371094 0.310514
0.37207 0.311347
0.373047 0.31218
0.374023 0.313008
0.375 0.313839
0.375977 0.31482
0.376953 0.315821
0.37793 0.316807
0.378906 0.317844
0.379883 0.31883
0.380859 0.319834
0.381836 0.320882
0.382812 0.321933
0.383789 0.322926
0.384766 0.323928
0.385742 0.32495
0.386719 0.325962
0.387695 0.327021
0.388672 0.328087
0.389648 0.329146
0.390625 0.33022
0.391602 0.331223
0.392578 0.332222
0.393555 0.33324
0.394531 0.33424
0.395508 0.335272
0.396484 0.336302
0.397461 0.337319
0.398438 0.338342
0.399414 0.33941
0.400391 0.340484
0.401367 0.341554
0.402344 0.34264
0.40332 0.343707
0.404297 0.34478
0.405273 0.345866
0.40625 0.346953
0.407227 0.347973
0.408203 0.34899
0.40918 0.350016
0.410156 0.351023
0.411133 0.352061
0.412109 0.353094
0.413086 0.354111
0.414062 0.35513
0.415039 0.356179
0.416016 0.357228
0.416992 0.358273
0.417969 0.359325
0.418945 0.360362
0.419922 0.361399
0.420898 0.362443
0.421875 0.363484
0.422852 0.364569
0.423828 0.36566
0.424805 0.366746
0.425781 0.367846
0.426758 0.368934
0.427734 0.370028
0.428711 0.371133
0.429688 0.37224
0.430664 0.373329
0.431641 0.374419
0.432617 0.375516
0.433594 0.376609
0.43457 0.377717
0.435547 0.378827
0.436523 0.379935
0.4375 0.381047
0.438477 0.382075
0.439453 0.383095
0.44043 0.384125
0.441406 0.385129
0.442383 0.386164
0.443359 0.38719
0.444336 0.388194
0.445312 0.389199
0.446289 0.390241
0.447266 0.391282
0.448242 0.392313
0.449219 0.393353
0.450195 0.394368
0.451172 0.395382
0.452148 0.396402
0.453125 0.397416
0.454102 0.398469
0.455078 0.399525
0.456055 0.400574
0.457031 0.401635
0.458008 0.402681
0.458984 0.40373
0.459961 0.404789
0.460938 0.405846
0.461914 0.406882
0.462891 0.407917
0.463867 0.408956
0.464844 0.409989
0.46582 0.411034
0.466797 0.412078
0.467773 0.413117
0.46875 0.414158
0.469727 0.415249
0.470703 0.416345
0.47168 0.417437
0.472656 0.418545
0.473633 0.419636
0.474609 0.420732
0.475586 0.421843
0.476562 0.422954
0.477539 0.424048
0.478516 0.425144
0.479492 0.426247
0.480469 0.427346
0.481445 0.42846
0.482422 0.429576
0.483398 0.430691
0.484375 0.43181
0.485352 0.432903
0.486328 0.433994
0.487305 0.435092
0.488281 0.436183
0.489258 0.437285
0.490234 0.438386
0.491211 0.439482
0.492188 0.44058
0.493164 0.441693
0.494141 0.442808
0.495117 0.443922
0.496094 0.44504
0.49707 0.446152
0.498047 0.447265
0.499023 0.448383
0.5 0.4495
0.500977 0.450362
0.501953 0.451192
0.50293 0.452048
0.503906 0.452819
0.504883 0.453677
0.505859 0.454506
0.506836 0.455262
0.507812 0.456014
0.508789 0.456865
0.509766 0.457705
0.510742 0.458511
0.511719 0.459335
0.512695 0.46008
0.513672 0.460816
0.514648 0.461563
0.515625 0.462286
0.516602 0.463131
0.517578 0.463979
0.518555 0.464799
0.519531 0.46565
0.520508 0.46645
0.521484 0.467252
0.522461 0.468077
0.523438 0.468893
0.524414 0.469635
0.525391 0.470369
0.526367 0.47111
0.527344 0.471826
0.52832 0.472573
0.529297 0.473313
0.530273 0.474031
0.53125 0.474749
0.532227 0.475587
0.533203 0.476433
0.53418 0.477262
0.535156 0.478127
0.536133 0.478941
0.537109 0.479764
0.538086 0.480617
0.539062 0.481466
0.540039 0.482265
0.541016 0.483064
0.541992 0.483873
0.542969 0.484669
0.543945 0.485496
0.544922 0.486323
0.545898 0.487139
0.546875 0.487961
0.547852 0.488708
0.548828 0.489446
0.549805 0.490194
0.550781 0.490918
0.551758 0.491666
0.552734 0.492405
0.553711 0.493124
0.554688 0.493842
0.555664 0.494595
0.556641 0.495345
0.557617 0.496086
0.558594 0.496833
0.55957 0.497557
0.560547 0.498279
0.561523 0.499006
0.5625 0.499726
0.563477 0.500582
0.564453 0.501452
0.56543 0.502306
0.566406 0.503202
0.567383 0.504052
0.568359 0.504915
0.569336 0.505814
0.570312 0.506714
0.571289 0.507554
0.572266 0.508398
0.573242 0.509258
0.574219 0.510106
0.575195 0.510994
0.576172 0.511886
0.577148 0.512767
0.578125 0.51366
0.579102 0.514492
0.580078 0.515321
0.581055 0.516161
0.582031 0.516985
0.583008 0.517832
0.583984 0.518675
0.584961 0.519506
0.585938 0.520339
0.586914 0.521207
0.587891 0.522076
0.588867 0.522941
0.589844 0.523816
0.59082 0.524674
0.591797 0.525534
0.592773 0.526403
0.59375 0.527269
0.594727 0.528058
0.595703 0.528838
0.59668 0.529626
0.597656 0.530389
0.598633 0.531181
0.599609 0.531965
0.600586 0.532727
0.601562 0.533489
0.602539 0.534281
0.603516 0.535069
0.604492 0.535849
0.605469 0.536634
0.606445 0.537397
0.607422 0.538158
0.608398 0.538922
0.609375 0.53968
0.610352 0.540482
0.611328 0.541285
0.612305 0.542081
0.613281 0.542888
0.614258 0.543679
0.615234 0.544471
0.616211 0.545273
0.617188 0.546074
0.618164 0.54685
0.619141 0.547625
0.620117 0.548403
0.621094 0.549174
0.62207 0.549958
0.623047 0.550739
0.624023 0.551515
0.625 0.552292
0.625977 0.553187
0.626953 0.554095
0.62793 0.554991
0.628906 0.555926
0.629883 0.55682
0.630859 0.557728
0.631836 0.558668
0.632812 0.55961
0.633789 0.560507
0.634766 0.561409
0.635742 0.562326
0.636719 0.563235
0.637695 0.564179
0.638672 0.565128
0.639648 0.566071
0.640625 0.567025
0.641602 0.56792
0.642578 0.568812
0.643555 0.569718
0.644531 0.570608
0.645508 0.571523
0.646484 0.572436
0.647461 0.573337
0.648438 0.574242
0.649414 0.575182
0.650391 0.576125
0.651367 0.577065
0.652344 0.578015
0.65332 0.57895
0.654297 0.579889
0.655273 0.580837
0.65625 0.581784
0.657227 0.582681
0.658203 0.583574
0.65918 0.584474
0.660156 0.585358
0.661133 0.586264
0.662109 0.587166
0.663086 0.588055
0.664062 0.588946
0.665039 0.589857
0.666016 0.590768
0.666992 0.591675
0.667969 0.592587
0.668945 0.593485
0.669922 0.594384
0.670898 0.595287
0.671875 0.596187
0.672852 0.597119
0.673828 0.598055
0.674805 0.598987
0.675781 0.599929
0.676758 0.60086
0.677734 0.601795
0.678711 0.602738
0.679688 0.603681
0.680664 0.604609
0.681641 0.605539
0.682617 0.606472
0.683594 0.607402
0.68457 0.608342
0.685547 0.609282
0.686523 0.61022
0.6875 0.611161
0.688477 0.612032
0.689453 0.612894
0.69043 0.613765
0.691406 0.614613
0.692383 0.615484
0.693359 0.616349
0.694336 0.617194
0.695312 0.618038
0.696289 0.618913
0.697266 0.619785
0.698242 0.620649
0.699219 0.621518
0.700195 0.622366
0.701172 0.623212
0.702148 0.624062
0.703125 0.624906
0.704102 0.625782
0.705078 0.626659
0.706055 0.627529
0.707031 0.628408
0.708008 0.629275
0.708984 0.630142
0.709961 0.631016
0.710938 0.631888
0.711914 0.632742
0.712891 0.633594
0.713867 0.634448
0.714844 0.635296
0.71582 0.636153
0.716797 0.637009
0.717773 0.637859
0.71875 0.63871
0.719727 0.639601
0.720703 0.640495
0.72168 0.641384
0.722656 0.642286
0.723633 0.643173
0.724609 0.644063
0.725586 0.644964
0.726562 0.645864
0.727539 0.646749
0.728516 0.647636
0.729492 0.648526
0.730469 0.649413
0.731445 0.650311
0.732422 0.651209
0.733398 0.652105
0.734375 0.653004
0.735352 0.653881
0.736328 0.654755
0.737305 0.655634
0.738281 0.656506
0.739258 0.657386
0.740234 0.658265
0.741211 0.659138
0.742188 0.660012
0.743164 0.660897
0.744141 0.661783
0.745117 0.662667
0.746094 0.663553
0.74707 0.664434
0.748047 0.665314
0.749023 0.666197
0.75 0.667079
0.750977 0.668113
0.751953 0.669166
0.75293 0.670203
0.753906 0.671292
0.754883 0.672331
0.755859 0.673389
0.756836 0.674489
0.757812 0.675593
0.758789 0.676637
0.759766 0.677688
0.760742 0.678761
0.761719 0.679823
0.762695 0.680933
0.763672 0.682049
0.764648 0.683158
0.765625 0.684283
0.766602 0.68534
0.767578 0.686395
0.768555 0.687468
0.769531 0.688524
0.770508 0.68961
0.771484 0.690696
0.772461 0.691769
0.773438 0.692848
0.774414 0.69397
0.775391 0.695098
0.776367 0.696223
0.777344 0.697363
0.77832 0.698486
0.779297 0.699615
0.780273 0.700757
0.78125 0.701899
0.782227 0.702966
0.783203 0.704029
0.78418 0.705103
0.785156 0.706154
0.786133 0.707239
0.787109 0.708318
0.788086 0.709379
0.789062 0.710443
0.790039 0.711539
0.791016 0.712635
0.791992 0.713726
0.792969 0.714826
0.793945 0.715906
0.794922 0.716988
0.795898 0.718076
0.796875 0.719162
0.797852 0.720294
0.798828 0.721433
0.799805 0.722566
0.800781 0.723715
0.801758 0.724849
0.802734 0.725989
0.803711 0.727142
0.804688 0.728297
0.805664 0.72943
0.806641 0.730566
0.807617 0.731708
0.808594 0.732846
0.80957 0.733999
0.810547 0.735155
0.811523 0.736307
0.8125 0.737464
0.813477 0.738552
0.814453 0.739633
0.81543 0.740724
0.816406 0.741793
0.817383 0.742888
0.818359 0.743976
0.819336 0.745046
0.820312 0.746117
0.821289 0.747219
0.822266 0.748321
0.823242 0.749415
0.824219 0.750517
0.825195 0.751598
0.826172 0.752678
0.827148 0.753765
0.828125 0.754846
0.829102 0.755959
0.830078 0.757075
0.831055 0.758186
0.832031 0.759305
0.833008 0.760414
0.833984 0.761526
0.834961 0.762645
0.835938 0.763763
0.836914 0.764864
0.837891 0.765966
0.838867 0.76707
0.839844 0.76817
0.84082 0.76928
0.841797 0.77039
0.842773 0.771496
0.84375 0.772603
0.844727 0.773753
0.845703 0.774909
0.84668 0.776061
0.847656 0.777227
0.848633 0.778378
0.849609 0.779535
0.850586 0.780704
0.851562 0.781874
0.852539 0.78303
0.853516 0.784187
0.854492 0.78535
0.855469 0.786511
0.856445 0.787685
0.857422 0.788861
0.858398 0.790035
0.859375 0.791214
0.860352 0.792371
0.861328 0.793527
0.862305 0.794689
0.863281 0.795845
0.864258 0.797011
0.865234 0.798176
0.866211 0.799338
0.867188 0.800501
0.868164 0.801678
0.869141 0.802856
0.870117 0.804033
0.871094 0.805215
0.87207 0.806392
0.873047 0.80757
0.874023 0.808752
0.875 0.809934
0.875977 0.811031
0.876953 0.812119
0.87793 0.813216
0.878906 0.814285
0.879883 0.815385
0.880859 0.816476
0.881836 0.817544
0.882812 0.81861
0.883789 0.819711
0.884766 0.820809
0.885742 0.821896
0.886719 0.82299
0.887695 0.824059
0.888672 0.825125
0.889648 0.826196
0.890625 0.82726
0.891602 0.828367
0.892578 0.829476
0.893555 0.830576
0.894531 0.831688
0.895508 0.832783
0.896484 0.83388
0.897461 0.834986
0.898438 0.83609
0.899414 0.83717
0.900391 0.838248
0.901367 0.839328
0.902344 0.840402
0.90332 0.841487
0.904297 0.842571
0.905273 0.843648
0.90625 0.844726
0.907227 0.845843
0.908203 0.846964
0.90918 0.848081
0.910156 0.849209
0.911133 0.850322
0.912109 0.851439
0.913086 0.852566
0.914062 0.853693
0.915039 0.854805
0.916016 0.855918
0.916992 0.857034
0.917969 0.858148
0.918945 0.859272
0.919922 0.860397
0.920898 0.861519
0.921875 0.862644
0.922852 0.863746
0.923828 0.864846
0.924805 0.86595
0.925781 0.867046
0.926758 0.868151
0.927734 0.869255
0.928711 0.870353
0.929688 0.871451
0.930664 0.872561
0.931641 0.873672
0.932617 0.87478
0.933594 0.875891
0.93457 0.876995
0.935547 0.8781
0.936523 0.879207
0.9375 0.880313
0.938477 0.881469
0.939453 0.882631
0.94043 0.883788
0.941406 0.884961
0.942383 0.886118
0.943359 0.887282
0.944336 0.888459
0.945312 0.889637
0.946289 0.890795
0.947266 0.891956
0.948242 0.893123
0.949219 0.894286
0.950195 0.895466
0.951172 0.896647
0.952148 0.897826
0.953125 0.899009
0.954102 0.900172
0.955078 0.901334
0.956055 0.902501
0.957031 0.903664
0.958008 0.904835
0.958984 0.906007
0.959961 0.907175
0.960938 0.908344
0.961914 0.909527
0.962891 0.910712
0.963867 0.911896
0.964844 0.913085
0.96582 0.914268
0.966797 0.915453
0.967773 0.916642
0.96875 0.917832
0.969727 0.918994
0.970703 0.920154
0.97168 0.921319
0.972656 0.922475
0.973633 0.923643
0.974609 0.924808
0.975586 0.925967
0.976562 0.927127
0.977539 0.928298
0.978516 0.929469
0.979492 0.930638
0.980469 0.93181
0.981445 0.932975
0.982422 0.93414
0.983398 0.935307
0.984375 0.936473
0.985352 0.937656
0.986328 0.93884
0.987305 0.940022
0.988281 0.94121
0.989258 0.942392
0.990234 0.943576
0.991211 0.944765
0.992188 0.945954
0.993164 0.947135
0.994141 0.948317
0.995117 0.949501
0.996094 0.950683
0.99707 0.95187
0.998047 0.953058
0.999023 0.954245
1 0.955434
1.00098 0.955134
1.00195 0.954648
1.00293 0.954306
1.00391 0.953467
1.00488 0.953121
1.00586 0.952595
1.00684 0.95165
1.00781 0.950666
1.00879 0.950263
1.00977 0.949786
1.01074 0.94911
1.01172 0.948528
1.0127 0.947486
1.01367 0.946379
1.01465 0.945339
1.01562 0.944149
1.0166 0.943641
1.01758 0.943151
1.01855 0.942489
1.01953 0.941997
1.02051 0.941205
1.02148 0.94042
1.02246 0.93976
1.02344 0.939045
1.02441 0.937895
1.02539 0.936695
1.02637 0.935524
1.02734 0.934206
1.02832 0.93306
1.0293 0.931861
1.03027 0.930532
1.03125 0.929198
1.03223 0.928571
1.0332 0.927992
1.03418 0.927306
1.03516 0.926828
1.03613 0.926039
1.03711 0.925298
1.03809 0.92473
1.03906 0.924134
1.04004 0.923232
1.04102 0.922328
1.04199 0.921476
1.04297 0.920542
1.04395 0.919786
1.04492 0.919022
1.0459 0.918189
1.04688 0.917387
1.04785 0.916136
1.04883 0.914826
1.0498 0.913568
1.05078 0.912161
1.05176 0.910887
1.05273 0.909559
1.05371 0.90811
1.05469 0.906645
1.05566 0.905382
1.05664 0.9041
1.05762 0.902753
1.05859 0.901443
1.05957 0.899986
1.06055 0.898511
1.06152 0.897063
1.0625 0.895569
1.06348 0.894808
1.06445 0.89412
1.06543 0.893331
1.06641 0.892771
1.06738 0.89195
1.06836 0.891197
1.06934 0.890631
1.07031 0.890064
1.07129 0.889163
1.07227 0.888275
1.07324 0.887469
1.07422 0.886586
1.0752 0.88592
1.07617 0.885264
1.07715 0.884546
1.07812 0.883883
1.0791 0.882886
1.08008 0.88186
1.08105 0.880895
1.08203 0.879831
1.08301 0.878884
1.08398 0.877913
1.08496 0.876866
1.08594 0.875824
1.08691 0.874965
1.08789 0.87411
1.08887 0.87322
1.08984 0.87238
1.09082 0.87144
1.0918 0.870504
1.09277 0.869609
1.09375 0.868696
1.09473 0.867345
1.0957 0.86594
1.09668 0.864573
1.09766 0.86306
1.09863 0.861701
1.09961 0.86029
1.10059 0.858752
1.10156 0.857205
1.10254 0.855816
1.10352 0.854403
1.10449 0.852935
1.10547 0.85149
1.10645 0.849914
1.10742 0.848318
1.1084 0.846739
1.10938 0.845116
1.11035 0.843724
1.11133 0.84234
1.1123 0.840902
1.11328 0.839524
1.11426 0.838045
1.11523 0.836572
1.11621 0.835143
1.11719 0.833698
1.11816 0.832113
1.11914 0.830514
1.12012 0.828927
1.12109 0.827294
1.12207 0.82572
1.12305 0.824132
1.12402 0.822502
1.125 0.820874
1.12598 0.819994
1.12695 0.819196
1.12793 0.818316
1.12891 0.817678
1.12988 0.816772
1.13086 0.815945
1.13184 0.815322
1.13281 0.814706
1.13379 0.813793
1.13477 0.812906
1.13574 0.812109
1.13672 0.811255
1.1377 0.81062
1.13867 0.810008
1.13965 0.809352
1.14062 0.808762
1.1416 0.807791
1.14258 0.806797
1.14355 0.805882
1.14453 0.804862
1.14551 0.803992
1.14648 0.803104
1.14746 0.802136
1.14844 0.801185
1.14941 0.800453
1.15039 0.799734
1.15137 0.798987
1.15234 0.798305
1.15332 0.797518
1.1543 0.796747
1.15527 0.796031
1.15625 0.795306
1.15723 0.794242
1.1582 0.793146
1.15918 0.79209
1.16016 0.790926
1.16113 0.789899
1.16211 0.788839
1.16309 0.787688
1.16406 0.786541
1.16504 0.785522
1.16602 0.784495
1.16699 0.783435
1.16797 0.782401
1.16895 0.781275
1.16992 0.780143
1.1709 0.779033
1.17188 0.777898
1.17285 0.776965
1.17383 0.77605
1.1748 0.775101
1.17578 0.774212
1.17676 0.773249
1.17773 0.772302
1.17871 0.771402
1.17969 0.770499
1.18066 0.769491
1.18164 0.768482
1.18262 0.767493
1.18359 0.766476
1.18457 0.765519
1.18555 0.764561
1.18652 0.763579
1.1875 0.762609
1.18848 0.76119
1.18945 0.759714
1.19043 0.758285
1.19141 0.756706
1.19238 0.755272
1.19336 0.753784
1.19434 0.752171
1.19531 0.750546
1.19629 0.749105
1.19727 0.747643
1.19824 0.74612
1.19922 0.744629
1.2002 0.742996
1.20117 0.741345
1.20215 0.739716
1.20312 0.738043
1.2041 0.736559
1.20508 0.73508
1.20605 0.733551
1.20703 0.73207
1.20801 0.730504
1.20898 0.72894
1.20996 0.727409
1.21094 0.725863
1.21191 0.724193
1.21289 0.722507
1.21387 0.72083
1.21484 0.71911
1.21582 0.717437
1.2168 0.715749
1.21777 0.714024
1.21875 0.712296
1.21973 0.71081
1.2207 0.709341
1.22168 0.707838
1.22266 0.706406
1.22363 0.704872
1.22461 0.703356
1.22559 0.7019
1.22656 0.700436
1.22754 0.698869
1.22852 0.697302
1.22949 0.695755
1.23047 0.694182
1.23145 0.692671
1.23242 0.691159
1.2334 0.689624
1.23438 0.688102
1.23535 0.686433
1.23633 0.684746
1.2373 0.683078
1.23828 0.681362
1.23926 0.679691
1.24023 0.678005
1.24121 0.676279
1.24219 0.674551
1.24316 0.67289
1.24414 0.671225
1.24512 0.66954
1.24609 0.667869
1.24707 0.666151
1.24805 0.664428
1.24902 0.662716
1.25 0.660991
1.25098 0.660004
1.25195 0.659104
1.25293 0.658126
1.25391 0.65739
1.25488 0.656406
1.25586 0.655505
1.25684 0.654808
1.25781 0.654125
1.25879 0.65314
1.25977 0.652186
1.26074 0.651328
1.26172 0.650414
1.2627 0.649727
1.26367 0.649066
1.26465 0.648365
1.26562 0.647733
1.2666 0.646766
1.26758 0.645784
1.26855 0.644882
1.26953 0.643893
1.27051 0.643044
1.27148 0.642186
1.27246 0.641263
1.27344 0.640362
1.27441 0.639669
1.27539 0.638994
1.27637 0.638301
1.27734 0.637674
1.27832 0.636959
1.2793 0.636265
1.28027 0.635629
1.28125 0.634991
1.28223 0.633975
1.2832 0.632928
1.28418 0.631931
1.28516 0.630818
1.28613 0.629861
1.28711 0.628872
1.28809 0.627786
1.28906 0.626709
1.29004 0.625786
1.29102 0.624859
1.29199 0.623897
1.29297 0.622972
1.29395 0.621947
1.29492 0.62092
1.2959 0.619923
1.29688 0.618902
1.29785 0.618109
1.29883 0.617341
1.2998 0.616538
1.30078 0.615807
1.30176 0.615001
1.30273 0.614215
1.30371 0.613487
1.30469 0.61276
1.30566 0.611922
1.30664 0.611087
1.30762 0.61028
1.30859 0.609447
1.30957 0.608684
1.31055 0.607924
1.31152 0.607143
1.3125 0.60638
1.31348 0.605279
1.31445 0.604139
1.31543 0.60304
1.31641 0.601833
1.31738 0.600739
1.31836 0.599609
1.31934 0.598389
1.32031 0.597164
1.32129 0.596088
1.32227 0.595
1.32324 0.593871
1.32422 0.592772
1.3252 0.591568
1.32617 0.590356
1.32715 0.589167
1.32812 0.587948
1.3291 0.586874
1.33008 0.585807
1.33105 0.584709
1.33203 0.583649
1.33301 0.582533
1.33398 0.581422
1.33496 0.58034
1.33594 0.579251
1.33691 0.578075
1.33789 0.576892
1.33887 0.57572
1.33984 0.57452
1.34082 0.573361
1.3418 0.572194
1.34277 0.571004
1.34375 0.569817
1.34473 0.568829
1.3457 0.56786
1.34668 0.566868
1.34766 0.56594
1.34863 0.564935
1.34961 0.56395
1.35059 0.563018
1.35156 0.562085
1.35254 0.561074
1.35352 0.560069
1.35449 0.559085
1.35547 0.558084
1.35645 0.55714
1.35742 0.5562
1.3584 0.555247
1.35938 0.554309
1.36035 0.55326
1.36133 0.552202
1.3623 0.551164
1.36328 0.550094
1.36426 0.549065
1.36523 0.548028
1.36621 0.546966
1.36719 0.545906
1.36816 0.544907
1.36914 0.543908
1.37012 0.5429
1.37109 0.541907
1.37207 0.540883
1.37305 0.53986
1.37402 0.538851
1.375 0.537836
1.37598 0.536385
1.37695 0.534879
1.37793 0.533415
1.37891 0.531805
1.37988 0.530342
1.38086 0.528828
1.38184 0.52719
1.38281 0.525541
1.38379 0.524059
1.38477 0.522555
1.38574 0.520993
1.38672 0.519458
1.3877 0.517789
1.38867 0.516102
1.38965 0.514433
1.39062 0.512721
1.3916 0.511219
1.39258 0.509724
1.39355 0.508177
1.39453 0.506684
1.39551 0.505099
1.39648 0.503518
1.39746 0.501976
1.39844 0.500418
1.39941 0.498728
1.40039 0.497025
1.40137 0.495331
1.40234 0.493594
1.40332 0.49191
1.4043 0.490211
1.40527 0.488473
1.40625 0.486735
1.40723 0.485189
1.4082 0.483656
1.40918 0.482093
1.41016 0.480587
1.41113 0.478995
1.41211 0.477416
1.41309 0.475883
1.41406 0.474343
1.41504 0.47272
1.41602 0.471096
1.41699 0.469486
1.41797 0.467853
1.41895 0.466269
1.41992 0.464681
1.4209 0.463075
1.42188 0.461477
1.42285 0.459754
1.42383 0.458015
1.4248 0.45629
1.42578 0.454523
1.42676 0.452793
1.42773 0.451047
1.42871 0.449268
1.42969 0.447484
1.43066 0.445756
1.43164 0.444022
1.43262 0.442269
1.43359 0.440527
1.43457 0.438744
1.43555 0.436955
1.43652 0.435173
1.4375 0.433379
1.43848 0.43183
1.43945 0.430306
1.44043 0.42875
1.44141 0.427272
1.44238 0.425706
1.44336 0.424164
1.44434 0.422686
1.44531 0.421209
1.44629 0.419622
1.44727 0.41804
1.44824 0.416486
1.44922 0.414909
1.4502 0.413404
1.45117 0.411904
1.45215 0.410384
1.45312 0.408883
1.4541 0.40727
1.45508 0.405649
1.45605 0.404048
1.45703 0.402416
1.45801 0.400824
1.45898 0.399225
1.45996 0.3976
1.46094 0.395979
1.46191 0.39442
1.46289 0.392864
1.46387 0.391297
1.46484 0.389748
1.46582 0.388166
1.4668 0.386586
1.46777 0.385021
1.46875 0.383451
1.46973 0.381739
1.4707 0.38001
1.47168 0.378295
1.47266 0.376533
1.47363 0.374822
1.47461 0.373095
1.47559 0.371328
1.47656 0.369559
1.47754 0.367842
1.47852 0.366119
1.47949 0.364378
1.48047 0.362646
1.48145 0.360872
1.48242 0.359092
1.4834 0.357319
1.48438 0.355533
1.48535 0.353823
1.48633 0.352116
1.4873 0.350393
1.48828 0.348691
1.48926 0.346957
1.49023 0.345225
1.49121 0.343509
1.49219 0.341788
1.49316 0.340023
1.49414 0.338254
1.49512 0.33649
1.49609 0.334712
1.49707 0.332955
1.49805 0.331193
1.49902 0.329419
1.5 0.327647
1.50098 0.326646
1.50195 0.32574
1.50293 0.324757
1.50391 0.324031
1.50488 0.323043
1.50586 0.322147
1.50684 0.321466
1.50781 0.320803
1.50879 0.319838
1.50977 0.31891
1.51074 0.318082
1.51172 0.317203
1.5127 0.316561
1.51367 0.31595
1.51465 0.315302
1.51562 0.31473
1.5166 0.313793
1.51758 0.312842
1.51855 0.311981
1.51953 0.311025
1.52051 0.310226
1.52148 0.30942
1.52246 0.308545
1.52344 0.307696
1.52441 0.307074
1.52539 0.306475
1.52637 0.305857
1.52734 0.305314
1.52832 0.304678
1.5293 0.304066
1.53027 0.303519
1.53125 0.302973
1.53223 0.302067
1.5332 0.301135
1.53418 0.300256
1.53516 0.299268
1.53613 0.298437
1.53711 0.297579
1.53809 0.296632
1.53906 0.295697
1.54004 0.294913
1.54102 0.294128
1.54199 0.293315
1.54297 0.292541
1.54395 0.291676
1.54492 0.290812
1.5459 0.289982
1.54688 0.289133
1.54785 0.28851
1.54883 0.287915
1.5498 0.287292
1.55078 0.286743
1.55176 0.286123
1.55273 0.285529
1.55371 0.284994
1.55469 0.284465
1.55566 0.283832
1.55664 0.283207
1.55762 0.282612
1.55859 0.281996
1.55957 0.281453
1.56055 0.280917
1.56152 0.280365
1.5625 0.279834
1.56348 0.278897
1.56445 0.277917
1.56543 0.276989
1.56641 0.275931
1.56738 0.275015
1.56836 0.274059
1.56934 0.272996
1.57031 0.271931
1.57129 0.271046
1.57227 0.27015
1.57324 0.269207
1.57422 0.268302
1.5752 0.267275
1.57617 0.26624
1.57715 0.265235
1.57812 0.264198
1.5791 0.263343
1.58008 0.2625
1.58105 0.261621
1.58203 0.260793
1.58301 0.259898
1.58398 0.259013
1.58496 0.258167
1.58594 0.257315
1.58691 0.256359
1.58789 0.255397
1.58887 0.254452
1.58984 0.253476
1.59082 0.252553
1.5918 0.251624
1.59277 0.250669
1.59375 0.249722
1.59473 0.24901
1.5957 0.248324
1.59668 0.247615
1.59766 0.246982
1.59863 0.246262
1.59961 0.245568
1.60059 0.244939
1.60156 0.244312
1.60254 0.243597
1.60352 0.242892
1.60449 0.242213
1.60547 0.241519
1.60645 0.240893
1.60742 0.240275
1.6084 0.239645
1.60938 0.239036
1.61035 0.238298
1.61133 0.237552
1.6123 0.236832
1.61328 0.236078
1.61426 0.235374
1.61523 0.234665
1.61621 0.233928
1.61719 0.233197
1.61816 0.23254
1.61914 0.231887
1.62012 0.231225
1.62109 0.230584
1.62207 0.229908
1.62305 0.229238
1.62402 0.228586
1.625 0.227931
1.62598 0.226922
1.62695 0.225871
1.62793 0.224857
1.62891 0.223727
1.62988 0.222722
1.63086 0.221676
1.63184 0.220533
1.63281 0.219384
1.63379 0.218373
1.63477 0.217346
1.63574 0.216276
1.63672 0.215229
1.6377 0.214078
1.63867 0.212914
1.63965 0.211768
1.64062 0.210589
1.6416 0.209588
1.64258 0.208597
1.64355 0.207566
1.64453 0.206582
1.64551 0.205526
1.64648 0.204475
1.64746 0.20346
1.64844 0.202436
1.64941 0.201305
1.65039 0.200167
1.65137 0.199039
1.65234 0.197879
1.65332 0.196766
1.6543 0.195644
1.65527 0.194493
1.65625 0.193345
1.65723 0.192351
1.6582 0.19137
1.65918 0.190369
1.66016 0.189415
1.66113 0.188396
1.66211 0.187389
1.66309 0.186422
1.66406 0.185452
1.66504 0.18442
1.66602 0.18339
1.66699 0.182373
1.66797 0.181341
1.66895 0.18035
1.66992 0.17936
1.6709 0.178357
1.67188 0.177364
1.67285 0.176274
1.67383 0.175174
1.6748 0.174087
1.67578 0.172971
1.67676 0.171886
1.67773 0.170792
1.67871 0.169674
1.67969 0.168555
1.68066 0.167483
1.68164 0.166409
1.68262 0.165323
1.68359 0.164248
1.68457 0.163143
1.68555 0.162037
1.68652 0.160939
1.6875 0.159834
1.68848 0.158943
1.68945 0.158076
1.69043 0.157185
1.69141 0.156363
1.69238 0.15547
1.69336 0.154601
1.69434 0.153789
1.69531 0.152981
1.69629 0.152083
1.69727 0.151192
1.69824 0.150329
1.69922 0.149448
1.7002 0.148633
1.70117 0.147825
1.70215 0.147004
1.70312 0.146202
1.7041 0.145306
1.70508 0.144406
1.70605 0.143527
1.70703 0.142624
1.70801 0.141759
1.70898 0.140891
1.70996 0.140004
1.71094 0.139123
1.71191 0.1383
1.71289 0.137481
1.71387 0.136657
1.71484 0.135851
1.71582 0.135019
1.7168 0.134194
1.71777 0.133383
1.71875 0.132572
1.71973 0.131643
1.7207 0.130703
1.72168 0.129778
1.72266 0.128816
1.72363 0.127901
1.72461 0.126975
1.72559 0.126019
1.72656 0.125063
1.72754 0.124156
1.72852 0.123245
1.72949 0.122324
1.73047 0.121412
1.73145 0.120469
1.73242 0.119524
1.7334 0.118587
1.73438 0.117642
1.73535 0.116766
1.73633 0.115896
1.7373 0.115015
1.73828 0.114155
1.73926 0.11327
1.74023 0.112391
1.74121 0.111529
1.74219 0.110666
1.74316 0.109768
1.74414 0.10887
1.74512 0.10798
1.74609 0.10708
1.74707 0.106201
1.74805 0.105322
1.74902 0.104436
1.75 0.103554
1.75098 0.102218
1.75195 0.100825
1.75293 0.0994782
1.75391 0.0979796
1.75488 0.0966301
1.75586 0.0952265
1.75684 0.0936958
1.75781 0.0921533
1.75879 0.0907915
1.75977 0.0894079
1.76074 0.0879632
1.76172 0.0865488
1.7627 0.0849936
1.76367 0.083419
1.76465 0.0818661
1.76562 0.0802678
1.7666 0.078873
1.76758 0.0774839
1.76855 0.0760433
1.76953 0.0746536
1.77051 0.0731746
1.77148 0.0716982
1.77246 0.0702587
1.77344 0.068803
1.77441 0.0672171
1.77539 0.0656165
1.77637 0.0640247
1.77734 0.0623889
1.77832 0.0608047
1.7793 0.0592046
1.78027 0.0575658
1.78125 0.0559256
1.78223 0.0545107
1.7832 0.0531118
1.78418 0.0516796
1.78516 0.0503146
1.78613 0.048852
1.78711 0.0474053
1.78809 0.0460144
1.78906 0.0446156
1.79004 0.0431203
1.79102 0.0416248
1.79199 0.0401468
1.79297 0.0386437
1.79395 0.037198
1.79492 0.0357508
1.7959 0.0342821
1.79688 0.0328245
1.79785 0.0312262
1.79883 0.0296103
1.7998 0.0280115
1.80078 0.0263666
1.80176 0.0247645
1.80273 0.0231464
1.80371 0.0214908
1.80469 0.0198312
1.80566 0.018236
1.80664 0.0166356
1.80762 0.0150157
1.80859 0.0134082
1.80957 0.0117552
1.81055 0.0100976
1.81152 0.00844923
1.8125 0.0067875
1.81348 0.00533389
1.81445 0.00390144
1.81543 0.00244023
1.81641 0.0010442
1.81738 -0.000425466
1.81836 -0.00187574
1.81934 -0.0032728
1.82031 -0.00466971
1.82129 -0.00616217
1.82227 -0.00765079
1.82324 -0.00911594
1.82422 -0.0106027
1.8252 -0.0120276
1.82617 -0.0134497
1.82715 -0.0148891
1.82812 -0.0163131
1.8291 -0.0178306
1.83008 -0.019356
1.83105 -0.0208642
1.83203 -0.0223997
1.83301 -0.0239026
1.83398 -0.0254119
1.83496 -0.0269424
1.83594 -0.0284714
1.83691 -0.0299486
1.83789 -0.0314246
1.83887 -0.03291
1.83984 -0.0343815
1.84082 -0.0358809
1.8418 -0.0373788
1.84277 -0.0388651
1.84375 -0.0403561
1.84473 -0.0419736
1.8457 -0.0436063
1.84668 -0.0452277
1.84766 -0.0468913
1.84863 -0.0485102
1.84961 -0.0501441
1.85059 -0.0518142
1.85156 -0.0534867
1.85254 -0.0551137
1.85352 -0.056747
1.85449 -0.0583965
1.85547 -0.0600388
1.85645 -0.0617187
1.85742 -0.0634042
1.8584 -0.0650847
1.85938 -0.0667778
1.86035 -0.0684043
1.86133 -0.0700281
1.8623 -0.0716675
1.86328 -0.0732895
1.86426 -0.0749401
1.86523 -0.076589
1.86621 -0.078225
1.86719 -0.0798654
1.86816 -0.081546
1.86914 -0.0832305
1.87012 -0.0849113
1.87109 -0.0866052
1.87207 -0.088282
1.87305 -0.0899629
1.87402 -0.0916552
1.875 -0.0933471
1.87598 -0.0947828
1.87695 -0.0961895
1.87793 -0.0976237
1.87891 -0.0989742
1.87988 -0.100415
1.88086 -0.101829
1.88184 -0.103172
1.88281 -0.104511
1.88379 -0.105952
1.88477 -0.107383
1.88574 -0.108783
1.88672 -0.110201
1.8877 -0.111544
1.88867 -0.112878
1.88965 -0.114226
1.89062 -0.115551
1.8916 -0.117004
1.89258 -0.118464
1.89355 -0.119897
1.89453 -0.121364
1.89551 -0.12278
1.89648 -0.1242
1.89746 -0.125647
1.89844 -0.127088
1.89941 -0.128453
1.90039 -0.129813
1.90137 -0.131182
1.90234 -0.132528
1.90332 -0.133909
1.9043 -0.135283
1.90527 -0.136638
1.90625 -0.137995
1.90723 -0.139469
1.9082 -0.140952
1.90918 -0.142422
1.91016 -0.143928
1.91113 -0.145386
1.91211 -0.146855
1.91309 -0.148354
1.91406 -0.149851
1.91504 -0.151302
1.91602 -0.152756
1.91699 -0.154221
1.91797 -0.155676
1.91895 -0.157161
1.91992 -0.158649
1.9209 -0.160127
1.92188 -0.161614
1.92285 -0.16303
1.92383 -0.164439
1.9248 -0.165859
1.92578 -0.167258
1.92676 -0.168681
1.92773 -0.170098
1.92871 -0.171498
1.92969 -0.172898
1.93066 -0.174334
1.93164 -0.175769
1.93262 -0.177197
1.93359 -0.178633
1.93457 -0.180048
1.93555 -0.181463
1.93652 -0.182885
1.9375 -0.184302
1.93848 -0.185869
1.93945 -0.187453
1.94043 -0.189022
1.94141 -0.190639
1.94238 -0.192208
1.94336 -0.193793
1.94434 -0.19542
1.94531 -0.197049
1.94629 -0.198617
1.94727 -0.20019
1.94824 -0.201784
1.94922 -0.203366
1.9502 -0.204994
1.95117 -0.206628
1.95215 -0.208253
1.95312 -0.209893
1.9541 -0.211469
1.95508 -0.213042
1.95605 -0.214631
1.95703 -0.216204
1.95801 -0.217804
1.95898 -0.219402
1.95996 -0.220989
1.96094 -0.22258
1.96191 -0.224212
1.96289 -0.225848
1.96387 -0.22748
1.96484 -0.229127
1.96582 -0.230756
1.9668 -0.23239
1.96777 -0.234035
1.96875 -0.235681
1.96973 -0.237244
1.9707 -0.238801
1.97168 -0.240369
1.97266 -0.241912
1.97363 -0.243489
1.97461 -0.245059
1.97559 -0.246608
1.97656 -0.248158
1.97754 -0.249743
1.97852 -0.251326
1.97949 -0.252903
1.98047 -0.254487
1.98145 -0.256049
1.98242 -0.257612
1.9834 -0.25918
1.98438 -0.260744
1.98535 -0.262357
1.98633 -0.263974
1.9873 -0.265585
1.98828 -0.26721
1.98926 -0.26882
1.99023 -0.270434
1.99121 -0.272061
1.99219 -0.273687
1.99316 -0.275291
1.99414 -0.276894
1.99512 -0.278504
1.99609 -0.280109
1.99707 -0.281728
1.99805 -0.283348
1.99902 -0.284964
2 -0.286583
2.00098 -0.286783
2.00195 -0.286805
2.00293 -0.286967
2.00391 -0.286654
2.00488 -0.286811
2.00586 -0.286798
2.00684 -0.286386
2.00781 -0.285936
2.00879 -0.286043
2.00977 -0.286081
2.01074 -0.285928
2.01172 -0.285867
2.0127 -0.285366
2.01367 -0.284805
2.01465 -0.284308
2.01562 -0.283668
2.0166 -0.283677
2.01758 -0.283704
2.01855 -0.283568
2.01953 -0.283594
2.02051 -0.283334
2.02148 -0.283083
2.02246 -0.282949
2.02344 -0.282765
2.02441 -0.282166
2.02539 -0.281521
2.02637 -0.280905
2.02734 -0.280148
2.02832 -0.279555
2.0293 -0.278912
2.03027 -0.278146
2.03125 -0.277376
2.03223 -0.277286
2.0332 -0.277242
2.03418 -0.277096
2.03516 -0.277152
2.03613 -0.276909
2.03711 -0.276713
2.03809 -0.276684
2.03906 -0.276628
2.04004 -0.276281
2.04102 -0.275931
2.04199 -0.275632
2.04297 -0.275255
2.04395 -0.27505
2.04492 -0.274839
2.0459 -0.274561
2.04688 -0.274314
2.04785 -0.273638
2.04883 -0.272905
2.0498 -0.272223
2.05078 -0.271399
2.05176 -0.270703
2.05273 -0.269957
2.05371 -0.269095
2.05469 -0.268219
2.05566 -0.267537
2.05664 -0.266838
2.05762 -0.266077
2.05859 -0.265352
2.05957 -0.264487
2.06055 -0.263606
2.06152 -0.262751
2.0625 -0.261854
2.06348 -0.261647
2.06445 -0.261511
2.06543 -0.261279
2.06641 -0.261264
2.06738 -0.261003
2.06836 -0.260807
2.06934 -0.260787
2.07031 -0.260768
2.07129 -0.260433
2.07227 -0.26011
2.07324 -0.259866
2.07422 -0.25955
2.0752 -0.259438
2.07617 -0.259336
2.07715 -0.259177
2.07812 -0.259069
2.0791 -0.258648
2.08008 -0.258199
2.08105 -0.257809
2.08203 -0.257326
2.08301 -0.256953
2.08398 -0.256558
2.08496 -0.256092
2.08594 -0.255631
2.08691 -0.255343
2.08789 -0.255059
2.08887 -0.254743
2.08984 -0.254474
2.09082 -0.254111
2.0918 -0.253753
2.09277 -0.253434
2.09375 -0.253098
2.09473 -0.252348
2.0957 -0.251548
2.09668 -0.250785
2.09766 -0.249883
2.09863 -0.249128
2.09961 -0.248323
2.10059 -0.2474
2.10156 -0.246468
2.10254 -0.245686
2.10352 -0.244882
2.10449 -0.244026
2.10547 -0.243192
2.10645 -0.242236
2.10742 -0.24126
2.1084 -0.240301
2.10938 -0.239301
2.11035 -0.23852
2.11133 -0.237746
2.1123 -0.236922
2.11328 -0.236155
2.11426 -0.235294
2.11523 -0.234438
2.11621 -0.233624
2.11719 -0.232796
2.11816 -0.231836
2.11914 -0.230863
2.12012 -0.229901
2.12109 -0.228897
2.12207 -0.227949
2.12305 -0.226987
2.12402 -0.225987
2.125 -0.224989
2.12598 -0.224719
2.12695 -0.224531
2.12793 -0.224262
2.12891 -0.224231
2.12988 -0.223939
2.13086 -0.223725
2.13184 -0.22371
2.13281 -0.223703
2.13379 -0.223407
2.13477 -0.223138
2.13574 -0.222956
2.13672 -0.222719
2.1377 -0.222697
2.13867 -0.222698
2.13965 -0.222657
2.14062 -0.22268
2.1416 -0.222335
2.14258 -0.221968
2.14355 -0.221678
2.14453 -0.221287
2.14551 -0.221043
2.14648 -0.220782
2.14746 -0.220444
2.14844 -0.220124
2.14941 -0.220016
2.15039 -0.219923
2.15137 -0.219802
2.15234 -0.219746
2.15332 -0.219589
2.1543 -0.219447
2.15527 -0.219361
2.15625 -0.219266
2.15723 -0.218841
2.1582 -0.218386
2.15918 -0.21797
2.16016 -0.217451
2.16113 -0.217064
2.16211 -0.216647
2.16309 -0.216142
2.16406 -0.215642
2.16504 -0.215267
2.16602 -0.214886
2.16699 -0.214471
2.16797 -0.214084
2.16895 -0.213609
2.16992 -0.213127
2.1709 -0.212668
2.17188 -0.212185
2.17285 -0.2119
2.17383 -0.211633
2.1748 -0.211334
2.17578 -0.211094
2.17676 -0.210783
2.17773 -0.210487
2.17871 -0.210239
2.17969 -0.209988
2.18066 -0.209636
2.18164 -0.209283
2.18262 -0.208951
2.18359 -0.208593
2.18457 -0.208293
2.18555 -0.207992
2.18652 -0.20767
2.1875 -0.20736
2.18848 -0.206616
2.18945 -0.205817
2.19043 -0.205064
2.19141 -0.204168
2.19238 -0.203411
2.19336 -0.202604
2.19434 -0.201677
2.19531 -0.200738
2.19629 -0.199978
2.19727 -0.199199
2.19824 -0.198361
2.19922 -0.197555
2.2002 -0.196612
2.20117 -0.195653
2.20215 -0.194716
2.20312 -0.193736
2.2041 -0.192941
2.20508 -0.192151
2.20605 -0.191314
2.20703 -0.190523
2.20801 -0.189651
2.20898 -0.188782
2.20996 -0.187946
2.21094 -0.187095
2.21191 -0.186125
2.21289 -0.185142
2.21387 -0.184166
2.21484 -0.18315
2.21582 -0.182181
2.2168 -0.181198
2.21777 -0.180179
2.21875 -0.179159
2.21973 -0.178373
2.2207 -0.177605
2.22168 -0.176804
2.22266 -0.176074
2.22363 -0.175246
2.22461 -0.174435
2.22559 -0.173683
2.22656 -0.172925
2.22754 -0.172067
2.22852 -0.17121
2.22949 -0.170373
2.23047 -0.169511
2.23145 -0.168711
2.23242 -0.16791
2.2334 -0.167088
2.23438 -0.166279
2.23535 -0.165329
2.23633 -0.164361
2.2373 -0.163413
2.23828 -0.162419
2.23926 -0.16147
2.24023 -0.160506
2.24121 -0.159505
2.24219 -0.158502
2.24316 -0.157566
2.24414 -0.156626
2.24512 -0.155667
2.24609 -0.154723
2.24707 -0.153733
2.24805 -0.152741
2.24902 -0.151759
2.25 -0.150765
2.25098 -0.150451
2.25195 -0.150219
2.25293 -0.149914
2.25391 -0.149833
2.25488 -0.149524
2.25586 -0.149293
2.25684 -0.149249
2.25781 -0.149219
2.25879 -0.148912
2.25977 -0.148633
2.26074 -0.148442
2.26172 -0.148201
2.2627 -0.148169
2.26367 -0.148162
2.26465 -0.148118
2.26562 -0.148138
2.2666 -0.147851
2.26758 -0.147551
2.26855 -0.147325
2.26953 -0.147018
2.27051 -0.146841
2.27148 -0.146657
2.27246 -0.146414
2.27344 -0.146191
2.27441 -0.146159
2.27539 -0.146145
2.27637 -0.146114
2.27734 -0.146145
2.27832 -0.146096
2.2793 -0.146066
2.28027 -0.146091
2.28125 -0.146113
2.28223 -0.145788
2.2832 -0.145433
2.28418 -0.145126
2.28516 -0.144711
2.28613 -0.144442
2.28711 -0.144143
2.28809 -0.143756
2.28906 -0.143376
2.29004 -0.14314
2.29102 -0.1429
2.29199 -0.142629
2.29297 -0.142392
2.29395 -0.142063
2.29492 -0.141732
2.2959 -0.14143
2.29688 -0.141107
2.29785 -0.140994
2.29883 -0.140904
2.2998 -0.140783
2.30078 -0.140729
2.30176 -0.140605
2.30273 -0.140501
2.30371 -0.14045
2.30469 -0.140402
2.30566 -0.14025
2.30664 -0.140103
2.30762 -0.139981
2.30859 -0.139836
2.30957 -0.139756
2.31055 -0.139679
2.31152 -0.139584
2.3125 -0.139505
2.31348 -0.139117
2.31445 -0.138694
2.31543 -0.138309
2.31641 -0.137826
2.31738 -0.137446
2.31836 -0.137034
2.31934 -0.13654
2.32031 -0.136042
2.32129 -0.13568
2.32227 -0.13531
2.32324 -0.1349
2.32422 -0.134519
2.3252 -0.134044
2.32617 -0.13356
2.32715 -0.133098
2.32812 -0.13261
2.3291 -0.132254
2.33008 -0.131905
2.33105 -0.131528
2.33203 -0.131187
2.33301 -0.130795
2.33398 -0.130408
2.33496 -0.130048
2.33594 -0.129682
2.33691 -0.129237
2.33789 -0.128786
2.33887 -0.128345
2.33984 -0.12788
2.34082 -0.127451
2.3418 -0.127017
2.34277 -0.126562
2.34375 -0.12611
2.34473 -0.125841
2.3457 -0.12559
2.34668 -0.125319
2.34766 -0.125106
2.34863 -0.124823
2.34961 -0.124559
2.35059 -0.124344
2.35156 -0.124129
2.35254 -0.123843
2.35352 -0.123562
2.35449 -0.123302
2.35547 -0.123027
2.35645 -0.122803
2.35742 -0.122585
2.3584 -0.122354
2.35938 -0.122139
2.36035 -0.121822
2.36133 -0.121496
2.3623 -0.12119
2.36328 -0.120855
2.36426 -0.120558
2.36523 -0.120254
2.36621 -0.119928
2.36719 -0.119604
2.36816 -0.119336
2.36914 -0.11907
2.37012 -0.118794
2.37109 -0.118534
2.37207 -0.118245
2.37305 -0.117958
2.37402 -0.117684
2.375 -0.117406
2.37598 -0.116722
2.37695 -0.115989
2.37793 -0.115295
2.37891 -0.114465
2.37988 -0.113774
2.38086 -0.113034
2.38184 -0.11218
2.38281 -0.111317
2.38379 -0.110609
2.38477 -0.109881
2.38574 -0.1091
2.38672 -0.108344
2.3877 -0.107465
2.38867 -0.106569
2.38965 -0.105691
2.39062 -0.104772
2.3916 -0.10405
2.39258 -0.103334
2.39355 -0.102571
2.39453 -0.101857
2.39551 -0.101059
2.39648 -0.100265
2.39746 -0.0995082
2.39844 -0.0987368
2.39941 -0.0978438
2.40039 -0.0969382
2.40137 -0.0960424
2.40234 -0.0951063
2.40332 -0.0942203
2.4043 -0.0933208
2.40527 -0.092386
2.40625 -0.0914513
2.40723 -0.0906955
2.4082 -0.0899518
2.40918 -0.0891813
2.41016 -0.088464
2.41113 -0.0876674
2.41211 -0.086883
2.41309 -0.0861427
2.41406 -0.0853953
2.41504 -0.0845719
2.41602 -0.0837479
2.41699 -0.0829371
2.41797 -0.0821061
2.41895 -0.0813199
2.41992 -0.080532
2.4209 -0.0797268
2.42188 -0.0789299
2.42285 -0.0780175
2.42383 -0.0770903
2.4248 -0.0761765
2.42578 -0.0752246
2.42676 -0.0743073
2.42773 -0.0733765
2.42871 -0.0724144
2.42969 -0.0714487
2.43066 -0.0705349
2.43164 -0.0696163
2.43262 -0.0686814
2.43359 -0.067756
2.43457 -0.0667931
2.43555 -0.0658258
2.43652 -0.0648657
2.4375 -0.0638941
2.43848 -0.0631501
2.43945 -0.0624303
2.44043 -0.0616808
2.44141 -0.0610035
2.44238 -0.0602464
2.44336 -0.0595117
2.44434 -0.0588363
2.44531 -0.058162
2.44629 -0.0573866
2.44727 -0.0566168
2.44824 -0.0558734
2.44922 -0.0551083
2.4502 -0.0544111
2.45117 -0.0537183
2.45215 -0.0530083
2.45312 -0.0523162
2.4541 -0.0515207
2.45508 -0.0507175
2.45605 -0.0499346
2.45703 -0.0491222
2.45801 -0.0483478
2.45898 -0.0475673
2.45996 -0.0467642
2.46094 -0.0459639
2.46191 -0.0452226
2.46289 -0.0444837
2.46387 -0.0437355
2.46484 -0.043004
2.46582 -0.0422424
2.4668 -0.0414836
2.46777 -0.040739
2.46875 -0.0399902
2.46973 -0.0391101
2.4707 -0.0382153
2.47168 -0.0373335
2.47266 -0.0364085
2.47363 -0.0355318
2.47461 -0.0346405
2.47559 -0.0337124
2.47656 -0.032783
2.47754 -0.0319021
2.47852 -0.0310157
2.47949 -0.0301137
2.48047 -0.0292201
2.48145 -0.0282885
2.48242 -0.0273522
2.4834 -0.0264221
2.48438 -0.0254802
2.48535 -0.0246096
2.48633 -0.023743
2.4873 -0.0228613
2.48828 -0.0219991
2.48926 -0.0211078
2.49023 -0.0202195
2.49121 -0.0193461
2.49219 -0.0184692
2.49316 -0.0175511
2.49414 -0.0166303
2.49512 -0.0157143
2.49609 -0.0147859
2.49707 -0.0138767
2.49805 -0.0129643
2.49902 -0.0120411
2.5 -0.0111195
2.50098 -0.0109783
2.50195 -0.0109328
2.50293 -0.0108103
2.50391 -0.0109476
2.50488 -0.0108222
2.50586 -0.0107889
2.50684 -0.0109747
2.50781 -0.0111787
2.50879 -0.0110787
2.50977 -0.011016
2.51074 -0.0110558
2.51172 -0.011045
2.5127 -0.0112729
2.51367 -0.0115336
2.51465 -0.0117578
2.51562 -0.0120591
2.5166 -0.0119932
2.51758 -0.0119149
2.51855 -0.0119263
2.51953 -0.011844
2.52051 -0.0119208
2.52148 -0.0119906
2.52246 -0.0119916
2.52344 -0.0120196
2.52441 -0.0122772
2.52539 -0.0125589
2.52637 -0.0128225
2.52734 -0.0131624
2.52832 -0.0134082
2.5293 -0.0136798
2.53027 -0.0140184
2.53125 -0.0143572
2.53223 -0.0143335
2.5332 -0.0142844
2.53418 -0.0142884
2.53516 -0.0141842
2.53613 -0.014238
2.53711 -0.0142663
2.53809 -0.0142045
2.53906 -0.0141558
2.54004 -0.0142607
2.54102 -0.0143657
2.54199 -0.0144427
2.54297 -0.0145599
2.54395 -0.0145851
2.54492 -0.0146127
2.5459 -0.0146745
2.54688 -0.0147184
2.54785 -0.0149919
2.54883 -0.0152941
2.5498 -0.0155684
2.55078 -0.0159178
2.55176 -0.0161972
2.55273 -0.0165025
2.55371 -0.0168692
2.55469 -0.0172421
2.55566 -0.0175101
2.55664 -0.0177867
2.55762 -0.0180949
2.55859 -0.0183829
2.55957 -0.018745
2.56055 -0.0191147
2.56152 -0.0194691
2.5625 -0.0198453
2.56348 -0.0198143
2.56445 -0.0197401
2.56543 -0.0197193
2.56641 -0.0195695
2.56738 -0.0195622
2.56836 -0.019515
2.56934 -0.0193618
2.57031 -0.0192066
2.57129 -0.0192335
2.57227 -0.0192508
2.57324 -0.0192206
2.57422 -0.0192298
2.5752 -0.0191171
2.57617 -0.0189969
2.57715 -0.0189079
2.57812 -0.0187868
2.5791 -0.0188491
2.58008 -0.0189253
2.58105 -0.0189654
2.58203 -0.0190579
2.58301 -0.0190832
2.58398 -0.0191194
2.58496 -0.0191958
2.58594 -0.0192671
2.58691 -0.0192339
2.58789 -0.0191965
2.58887 -0.0191757
2.58984 -0.0191254
2.59082 -0.0191285
2.5918 -0.0191265
2.59277 -0.0190996
2.59375 -0.0190802
2.59473 -0.0192992
2.5957 -0.0195449
2.59668 -0.0197672
2.59766 -0.0200679
2.59863 -0.0202813
2.59961 -0.0205213
2.60059 -0.0208281
2.60156 -0.0211375
2.60254 -0.0213587
2.60352 -0.0215902
2.60449 -0.0218501
2.60547 -0.0220947
2.60645 -0.0224085
2.60742 -0.0227311
2.6084 -0.0230422
2.60938 -0.0233752
2.61035 -0.0235791
2.61133 -0.0237759
2.6123 -0.0240003
2.61328 -0.0241896
2.61426 -0.0244315
2.61523 -0.0246682
2.61621 -0.024878
2.61719 -0.0250945
2.61816 -0.0253855
2.61914 -0.0256817
2.62012 -0.0259692
2.62109 -0.0262795
2.62207 -0.0265551
2.62305 -0.0268365
2.62402 -0.0271378
2.625 -0.0274362
2.62598 -0.0273749
2.62695 -0.0272727
2.62793 -0.0272082
2.62891 -0.0270259
2.62988 -0.0269715
2.63086 -0.0268774
2.63184 -0.0266839
2.63281 -0.0264857
2.63379 -0.0264277
2.63477 -0.0263553
2.63574 -0.0262389
2.63672 -0.026148
2.6377 -0.0259508
2.63867 -0.025741
2.63965 -0.0255504
2.64062 -0.0253271
2.6416 -0.0252861
2.64258 -0.0252547
2.64355 -0.0251837
2.64453 -0.025162
2.64551 -0.0250663
2.64648 -0.0249777
2.64746 -0.0249264
2.64844 -0.0248656
2.64941 -0.0246978
2.65039 -0.0245222
2.65137 -0.0243589
2.65234 -0.0241625
2.65332 -0.0240154
2.6543 -0.0238594
2.65527 -0.023675
2.65625 -0.0234941
2.65723 -0.0234712
2.6582 -0.0234617
2.65918 -0.0234323
2.66016 -0.023452
2.66113 -0.0234059
2.66211 -0.0233734
2.66309 -0.0233823
2.66406 -0.023388
2.66504 -0.0233314
2.66602 -0.0232775
2.66699 -0.0232379
2.66797 -0.0231841
2.66895 -0.023172
2.66992 -0.0231615
2.6709 -0.0231392
2.67188 -0.0231271
2.67285 -0.0230175
2.67383 -0.022898
2.6748 -0.0227933
2.67578 -0.0226584
2.67676 -0.0225569
2.67773 -0.0224467
2.67871 -0.0223123
2.67969 -0.0221779
2.68066 -0.0220917
2.68164 -0.0220045
2.68262 -0.0219061
2.68359 -0.0218192
2.68457 -0.0217026
2.68555 -0.0215854
2.68652 -0.0214774
2.6875 -0.0213625
2.68848 -0.0214653
2.68945 -0.0215942
2.69043 -0.0216989
2.69141 -0.0218749
2.69238 -0.0219791
2.69336 -0.0221079
2.69434 -0.022296
2.69531 -0.0224887
2.69629 -0.02259
2.69727 -0.0227
2.69824 -0.0228384
2.69922 -0.0229599
2.7002 -0.0231487
2.70117 -0.0233451
2.70215 -0.0235289
2.70312 -0.0237331
2.7041 -0.0238428
2.70508 -0.0239486
2.70605 -0.0240772
2.70703 -0.0241812
2.70801 -0.0243248
2.70898 -0.0244661
2.70996 -0.0245894
2.71094 -0.0247189
2.71191 -0.0249076
2.71289 -0.025102
2.71387 -0.0252911
2.71484 -0.0254994
2.71582 -0.0256828
2.7168 -0.0258723
2.71777 -0.0260786
2.71875 -0.0262845
2.71973 -0.0263714
2.7207 -0.026448
2.72168 -0.0265402
2.72266 -0.0265956
2.72363 -0.0266996
2.72461 -0.0267934
2.72559 -0.0268564
2.72656 -0.0269216
2.72754 -0.0270356
2.72852 -0.0271479
2.72949 -0.0272491
2.73047 -0.0273616
2.73145 -0.0274422
2.73242 -0.0275218
2.7334 -0.0276108
2.73438 -0.0276921
2.73535 -0.0278436
2.73633 -0.0280024
2.7373 -0.0281504
2.73828 -0.0283202
2.73926 -0.0284664
2.74023 -0.0286188
2.74121 -0.0287886
2.74219 -0.0289586
2.74316 -0.0290936
2.74414 -0.0292295
2.74512 -0.0293736
2.74609 -0.0295094
2.74707 -0.0296667
2.74805 -0.0298245
2.74902 -0.0299756
2.75 -0.0301318
2.75098 -0.0298354
2.75195 -0.0294831
2.75293 -0.0291769
2.75391 -0.0287202
2.75488 -0.0284132
2.75586 -0.0280528
2.75684 -0.0275663
2.75781 -0.0270687
2.75879 -0.0267521
2.75977 -0.0264146
2.76074 -0.0260168
2.76172 -0.0256499
2.7627 -0.0251431
2.76367 -0.0246177
2.76465 -0.0241147
2.76562 -0.0235671
2.7666 -0.0232232
2.76758 -0.0228858
2.76855 -0.0224975
2.76953 -0.0221609
2.77051 -0.0217358
2.77148 -0.0213139
2.77246 -0.0209296
2.77344 -0.0205299
2.77441 -0.0200009
2.77539 -0.0194578
2.77637 -0.0189244
2.77734 -0.0183476
2.77832 -0.0178231
2.7793 -0.0172835
2.78027 -0.0167058
2.78125 -0.0161275
2.78223 -0.015775
2.7832 -0.0154392
2.78418 -0.0150708
2.78516 -0.0147702
2.78613 -0.0143729
2.78711 -0.0139922
2.78809 -0.0136679
2.78906 -0.0133364
2.79004 -0.0129092
2.79102 -0.0124825
2.79199 -0.0120741
2.79297 -0.0116412
2.79395 -0.0112665
2.79492 -0.0108909
2.7959 -0.0104946
2.79688 -0.0101101
2.79785 -0.00958572
2.79883 -0.00904445
2.7998 -0.008521
2.80078 -0.00795225
2.80176 -0.00742689
2.80273 -0.00688635
2.80371 -0.00630894
2.80469 -0.00572835
2.80566 -0.00521279
2.80664 -0.00469267
2.80762 -0.00415384
2.80859 -0.00362814
2.80957 -0.00305765
2.81055 -0.00248323
2.81152 -0.00191882
2.8125 -0.00134175
2.81348 -0.000972852
2.81445 -0.000625752
2.81543 -0.000250685
2.81641 5.87209e-05
2.81738 0.000440822
2.81836 0.000802894
2.81934 0.00111122
2.82031 0.0014187
2.82129 0.00182074
2.82227 0.00221827
2.82324 0.0025917
2.82422 0.00298595
2.8252 0.00331783
2.82617 0.00364629
2.82715 0.00399127
2.82812 0.00432021
2.8291 0.00474155
2.83008 0.00517013
2.83105 0.00558086
2.83203 0.00601818
2.83301 0.0064222
2.83398 0.00683195
2.83496 0.00726215
2.83594 0.00769017
2.83691 0.00806576
2.83789 0.00843954
2.83887 0.00882198
2.83984 0.0091898
2.84082 0.00958482
2.8418 0.00997761
2.84277 0.0103581
2.84375 0.0107427
2.84473 0.0112527
2.8457 0.0117771
2.84668 0.0122895
2.84766 0.0128434
2.84863 0.013352
2.84961 0.0138748
2.85059 0.014433
2.85156 0.014993
2.85254 0.0155068
2.85352 0.0160263
2.85449 0.0165611
2.85547 0.0170882
2.85645 0.017652
2.85742 0.0182207
2.8584 0.0187837
2.85938 0.0193585
2.86035 0.0198663
2.86133 0.0203707
2.8623 0.0208899
2.86328 0.0213911
2.86426 0.0219202
2.86523 0.0224468
2.86621 0.0229598
2.86719 0.0234766
2.86816 0.0240328
2.86914 0.024592
2.87012 0.025147
2.87109 0.0257143
2.87207 0.0262638
2.87305 0.0268168
2.87402 0.0273804
2.875 0.027943
2.87598 0.0282485
2.87695 0.0285243
2.87793 0.0288269
2.87891 0.029045
2.87988 0.0293534
2.88086 0.0296329
2.88184 0.0298412
2.88281 0.0300456
2.88379 0.0303507
2.88477 0.0306451
2.88574 0.0309076
2.88672 0.0311881
2.8877 0.031392
2.88867 0.0315866
2.88965 0.0317946
2.89062 0.031979
2.8916 0.0322906
2.89258 0.0326086
2.89355 0.0328981
2.89453 0.0332218
2.89551 0.0334929
2.89648 0.0337686
2.89746 0.0340698
2.89844 0.0343639
2.89941 0.0345821
2.90039 0.0347942
2.90137 0.0350144
2.90234 0.0352108
2.90332 0.0354414
2.9043 0.0356651
2.90527 0.0358682
2.90625 0.0360733
2.90723 0.0363942
2.9082 0.0367246
2.90918 0.0370399
2.91016 0.0373909
2.91113 0.0376934
2.91211 0.0380055
2.91309 0.0383476
2.91406 0.0386871
2.91504 0.0389802
2.91602 0.0392748
2.91699 0.0395798
2.91797 0.0398737
2.91895 0.0401981
2.91992 0.0405233
2.9209 0.0408394
2.92188 0.0411627
2.92285 0.0414143
2.92383 0.0416585
2.9248 0.041913
2.92578 0.0421453
2.92676 0.0424014
2.92773 0.0426509
2.92871 0.0428824
2.92969 0.0431135
2.93066 0.0433795
2.93164 0.0436444
2.93262 0.0439008
2.93359 0.0441652
2.93457 0.0444075
2.93555 0.0446491
2.93652 0.044897
2.9375 0.0451396
2.93848 0.0455305
2.93945 0.0459389
2.94043 0.0463302
2.94141 0.0467699
2.94238 0.0471601
2.94336 0.0475666
2.94434 0.0480133
2.94531 0.0484627
2.94629 0.048849
2.94727 0.0492408
2.94824 0.0496516
2.94922 0.0500503
2.9502 0.0504947
2.95117 0.0509438
2.95215 0.0513838
2.95312 0.0518373
2.9541 0.0522261
2.95508 0.0526119
2.95605 0.0530128
2.95703 0.0533966
2.95801 0.0538068
2.95898 0.054215
2.95996 0.0546106
2.96094 0.05501
2.96191 0.0554493
2.96289 0.055892
2.96387 0.0563307
2.96484 0.0567821
2.96582 0.0572161
2.9668 0.0576539
2.96777 0.0581026
2.96875 0.0585507
2.96973 0.0589163
2.9707 0.0592745
2.97168 0.0596429
2.97266 0.0599855
2.97363 0.0603611
2.97461 0.0607292
2.97559 0.0610757
2.97656 0.0614233
2.97754 0.061804
2.97852 0.062183
2.97949 0.062554
2.98047 0.0629324
2.98145 0.0632882
2.98242 0.063643
2.9834 0.0640038
2.98438 0.0643588
2.98535 0.0647617
2.98633 0.065169
2.9873 0.0655686
2.98828 0.0659827
2.98926 0.06638
2.99023 0.0667812
2.99121 0.0671939
2.99219 0.0676063
2.99316 0.0679942
2.99414 0.0683822
2.99512 0.0687754
2.99609 0.0691624
2.99707 0.0695638
2.99805 0.0699651
2.99902 0.0703613
3 0.0707606
3.00098 0.0707548
3.00195 0.0706983
3.00293 0.0706822
3.00391 0.070531
3.00488 0.0705129
3.00586 0.0704466
3.00684 0.0702666
3.00781 0.0700761
3.00879 0.070046
3.00977 0.0699963
3.01074 0.0698922
3.01172 0.0698148
3.0127 0.0696119
3.01367 0.0693915
3.01465 0.0691903
3.01562 0.0689485
3.0166 0.0688891
3.01758 0.0688348
3.01855 0.0687343
3.01953 0.0686794
3.02051 0.0685444
3.02148 0.0684116
3.02246 0.0683119
3.02344 0.0681977
3.02441 0.0679668
3.02539 0.0677226
3.02637 0.0674864
3.02734 0.0672107
3.02832 0.0669811
3.0293 0.0667374
3.03027 0.0664589
3.03125 0.0661791
3.03223 0.0660983
3.0332 0.0660315
3.03418 0.065935
3.03516 0.0658978
3.03613 0.065774
3.03711 0.0656642
3.03809 0.0656035
3.03906 0.0655355
3.04004 0.0653822
3.04102 0.0652286
3.04199 0.0650902
3.04297 0.0649295
3.04395 0.0648193
3.04492 0.0647076
3.0459 0.0645767
3.04688 0.0644555
3.04785 0.0642095
3.04883 0.0639477
3.0498 0.0637008
3.05078 0.063413
3.05176 0.0631629
3.05273 0.0628985
3.05371 0.0626005
3.05469 0.062299
3.05566 0.0620543
3.05664 0.0618047
3.05762 0.0615377
3.05859 0.0612816
3.05957 0.0609849
3.06055 0.060684
3.06152 0.0603911
3.0625 0.0600862
3.06348 0.05997
3.06445 0.0598731
3.06543 0.05975
3.06641 0.059686
3.06738 0.0595551
3.06836 0.0594417
3.06934 0.0593766
3.07031 0.0593115
3.07129 0.0591599
3.07227 0.0590117
3.07324 0.0588847
3.07422 0.0587382
3.0752 0.0586477
3.07617 0.0585596
3.07715 0.0584558
3.07812 0.058366
3.0791 0.0581911
3.08008 0.058009
3.08105 0.0578424
3.08203 0.0576509
3.08301 0.0574891
3.08398 0.0573213
3.08496 0.0571343
3.08594 0.0569485
3.08691 0.0568099
3.08789 0.0566722
3.08887 0.056526
3.08984 0.0563924
3.09082 0.0562333
3.0918 0.0560756
3.09277 0.0559283
3.09375 0.0557767
3.09473 0.0555107
3.0957 0.0552309
3.09668 0.0549613
3.09766 0.0546535
3.09863 0.0543861
3.09961 0.054105
3.10059 0.0537912
3.10156 0.0534751
3.10254 0.0532002
3.10352 0.0529194
3.10449 0.052624
3.10547 0.052335
3.10645 0.052012
3.10742 0.0516839
3.1084 0.0513602
3.10938 0.0510252
3.11035 0.0507503
3.11133 0.0504778
3.1123 0.0501912
3.11328 0.0499202
3.11426 0.0496233
3.11523 0.0493279
3.11621 0.0490442
3.11719 0.0487564
3.11816 0.0484322
3.11914 0.0481045
3.12012 0.04778
3.12109 0.0474436
3.12207 0.0471227
3.12305 0.046798
3.12402 0.0464629
3.125 0.0461282
3.12598 0.0460162
3.12695 0.0459292
3.12793 0.0458182
3.12891 0.0457799
3.12988 0.0456623
3.13086 0.045569
3.13184 0.0455368
3.13281 0.0455072
3.13379 0.0453894
3.13477 0.0452802
3.13574 0.0451979
3.13672 0.0450992
3.1377 0.0450664
3.13867 0.0450408
3.13965 0.0450028
3.14062 0.0449847
3.1416 0.0448548
3.14258 0.0447186
3.14355 0.0446064
3.14453 0.0444638
3.14551 0.044366
3.14648 0.0442636
3.14746 0.0441381
3.14844 0.044018
3.14941 0.0439632
3.15039 0.043913
3.15137 0.0438549
3.15234 0.0438167
3.15332 0.0437481
3.1543 0.0436846
3.15527 0.0436382
3.15625 0.0435893
3.15723 0.0434394
3.1582 0.0432804
3.15918 0.0431338
3.16016 0.0429554
3.16113 0.0428183
3.16211 0.0426721
3.16309 0.0424992
3.16406 0.0423278
3.16504 0.0421958
3.16602 0.0420616
3.16699 0.0419178
3.16797 0.0417827
3.16895 0.0416206
3.16992 0.0414569
3.1709 0.0413004
3.17188 0.0411368
3.17285 0.0410346
3.17383 0.0409382
3.1748 0.040832
3.17578 0.0407443
3.17676 0.0406352
3.17773 0.040531
3.17871 0.0404417
3.17969 0.040352
3.18066 0.0402313
3.18164 0.0401108
3.18262 0.0399968
3.18359 0.0398752
3.18457 0.0397719
3.18555 0.0396685
3.18652 0.0395588
3.1875 0.039453
3.18848 0.0392168
3.18945 0.0389645
3.19043 0.0387264
3.19141 0.0384452
3.19238 0.0382065
3.19336 0.0379528
3.19434 0.0376631
3.19531 0.0373704
3.19629 0.037132
3.19727 0.036888
3.19824 0.0366266
3.19922 0.036375
3.2002 0.0360827
3.20117 0.0357855
3.20215 0.0354955
3.20312 0.0351929
3.2041 0.0349461
3.20508 0.0347011
3.20605 0.0344423
3.20703 0.0341976
3.20801 0.033929
3.20898 0.0336613
3.20996 0.0334039
3.21094 0.0331425
3.21191 0.0328454
3.21289 0.0325444
3.21387 0.0322463
3.21484 0.0319362
3.21582 0.0316406
3.2168 0.031341
3.21777 0.0310309
3.21875 0.0307207
3.21973 0.0304817
3.2207 0.0302484
3.22168 0.0300054
3.22266 0.0297841
3.22363 0.0295333
3.22461 0.0292882
3.22559 0.0290613
3.22656 0.0288326
3.22754 0.0285742
3.22852 0.0283164
3.22949 0.028065
3.23047 0.0278063
3.23145 0.0275665
3.23242 0.0273268
3.2334 0.0270812
3.23438 0.0268397
3.23535 0.0265558
3.23633 0.0262671
3.2373 0.0259844
3.23828 0.0256883
3.23926 0.0254061
3.24023 0.0251196
3.24121 0.0248224
3.24219 0.0245246
3.24316 0.0242475
3.24414 0.0239695
3.24512 0.0236862
3.24609 0.0234075
3.24707 0.0231154
3.24805 0.0228227
3.24902 0.0225336
3.25 0.0222411
3.25098 0.0221172
3.25195 0.0220136
3.25293 0.0218918
3.25391 0.0218255
3.25488 0.0217031
3.25586 0.0215998
3.25684 0.0215429
3.25781 0.0214896
3.25879 0.0213672
3.25977 0.0212519
3.26074 0.0211585
3.26172 0.0210527
3.2627 0.0209987
3.26367 0.0209509
3.26465 0.0208939
3.26562 0.0208529
3.2666 0.0207364
3.26758 0.0206168
3.26855 0.0205153
3.26953 0.0203943
3.27051 0.0203052
3.27148 0.0202142
3.27246 0.0201089
3.27344 0.0200086
3.27441 0.0199554
3.27539 0.0199068
3.27637 0.019854
3.27734 0.0198166
3.27832 0.0197594
3.2793 0.0197071
3.28027 0.0196682
3.28125 0.019629
3.28223 0.0195025
3.2832 0.0193688
3.28418 0.0192468
3.28516 0.0190981
3.28613 0.0189856
3.28711 0.0188659
3.28809 0.0187239
3.28906 0.0185838
3.29004 0.0184798
3.29102 0.0183747
3.29199 0.0182619
3.29297 0.0181578
3.29395 0.0180305
3.29492 0.0179028
3.2959 0.0177823
3.29688 0.0176564
3.29785 0.0175832
3.29883 0.0175156
3.2998 0.0174404
3.30078 0.0173817
3.30176 0.0173058
3.30273 0.0172348
3.30371 0.0171771
3.30469 0.0171199
3.30566 0.0170371
3.30664 0.0169552
3.30762 0.0168797
3.30859 0.0167985
3.30957 0.0167335
3.31055 0.0166693
3.31152 0.0166004
3.3125 0.0165356
3.31348 0.0163963
3.31445 0.0162485
3.31543 0.0161101
3.31641 0.0159477
3.31738 0.0158105
3.31836 0.0156655
3.31934 0.0155008
3.32031 0.0153351
3.32129 0.0152026
3.32227 0.0150678
3.32324 0.0149239
3.32422 0.0147867
3.3252 0.0146268
3.32617 0.0144649
3.32715 0.0143084
3.32812 0.0141455
3.3291 0.0140146
3.33008 0.0138855
3.33105 0.0137496
3.33203 0.0136223
3.33301 0.0134827
3.33398 0.0133445
3.33496 0.0132129
3.33594 0.0130799
3.33691 0.0129277
3.33789 0.0127742
3.33887 0.0126232
3.33984 0.0124664
3.34082 0.0123185
3.3418 0.0121692
3.34277 0.0120149
3.34375 0.0118615
3.34473 0.0117524
3.3457 0.0116479
3.34668 0.0115385
3.34766 0.0114433
3.34863 0.0113312
3.34961 0.0112237
3.35059 0.0111282
3.35156 0.0110327
3.35254 0.0109199
3.35352 0.0108086
3.35449 0.0107021
3.35547 0.0105923
3.35645 0.010495
3.35742 0.0103988
3.3584 0.0103
3.35938 0.0102047
3.36035 0.0100848
3.36133 0.00996308
3.3623 0.00984601
3.36328 0.00972185
3.36426 0.00960706
3.36523 0.00949077
3.36621 0.00936897
3.36719 0.0092479
3.36816 0.00914031
3.36914 0.00903321
3.37012 0.00892396
3.37109 0.00881849
3.37207 0.00870601
3.37305 0.00859413
3.37402 0.00848546
3.375 0.00837577
3.37598 0.00816252
3.37695 0.00793663
3.37793 0.00772075
3.37891 0.00747037
3.37988 0.00725524
3.38086 0.00702786
3.38184 0.0067713
3.38281 0.00651242
3.38379 0.0062932
3.38477 0.00606897
3.38574 0.00583123
3.38672 0.00560001
3.3877 0.00533733
3.38867 0.00507023
3.38965 0.00480781
3.39062 0.00453516
3.3916 0.00431248
3.39258 0.00409157
3.39355 0.00385858
3.39453 0.00363841
3.39551 0.00339663
3.39648 0.00315586
3.39746 0.00292456
3.39844 0.00268965
3.39941 0.00242375
3.40039 0.00215466
3.40137 0.00188808
3.40234 0.00161126
3.40332 0.00134728
3.4043 0.00107986
3.40527 0.000803462
3.40625 0.000527107
3.40723 0.000296727
3.4082 6.94772e-05
3.40918 -0.000164576
3.41016 -0.00038497
3.41113 -0.000625639
3.41211 -0.000863141
3.41309 -0.00108928
3.41406 -0.00131719
3.41504 -0.00156456
3.41602 -0.00181204
3.41699 -0.0020561
3.41797 -0.00230529
3.41895 -0.00254294
3.41992 -0.00278099
3.4209 -0.00302343
3.42188 -0.0032637
3.42285 -0.00353352
3.42383 -0.00380711
3.4248 -0.00407721
3.42578 -0.00435703
3.42676 -0.00462795
3.42773 -0.00490227
3.42871 -0.00518456
3.42969 -0.00546774
3.43066 -0.00573757
3.43164 -0.0060086
3.43262 -0.00628376
3.43359 -0.00655641
3.43457 -0.00683866
3.43555 -0.00712197
3.43652 -0.00740342
3.4375 -0.00768774
3.43848 -0.00791419
3.43945 -0.00813447
3.44043 -0.00836225
3.44141 -0.00857165
3.44238 -0.00880131
3.44336 -0.00902525
3.44434 -0.00923408
3.44531 -0.00944257
3.44629 -0.00967675
3.44727 -0.0099095
3.44824 -0.0101355
3.44922 -0.0103669
3.4502 -0.0105811
3.45117 -0.0107941
3.45215 -0.0110115
3.45312 -0.0112243
3.4541 -0.0114633
3.45508 -0.0117043
3.45605 -0.01194
3.45703 -0.0121832
3.45801 -0.0124168
3.45898 -0.0126518
3.45996 -0.0128925
3.46094 -0.0131325
3.46191 -0.0133575
3.46289 -0.0135819
3.46387 -0.0138086
3.46484 -0.014031
3.46582 -0.014261
3.4668 -0.0144902
3.46777 -0.0147158
3.46875 -0.0149425
3.46973 -0.0152025
3.4707 -0.0154663
3.47168 -0.0157267
3.47266 -0.015998
3.47363 -0.0162571
3.47461 -0.0165198
3.47559 -0.0167918
3.47656 -0.0170642
3.47754 -0.0173242
3.47852 -0.0175855
3.47949 -0.0178508
3.48047 -0.0181139
3.48145 -0.0183866
3.48242 -0.0186606
3.4834 -0.0189328
3.48438 -0.0192081
3.48535 -0.0194652
3.48633 -0.0197213
3.4873 -0.0199811
3.48828 -0.020236
3.48926 -0.0204982
3.49023 -0.0207597
3.49121 -0.0210173
3.49219 -0.0212758
3.49316 -0.0215447
3.49414 -0.0218143
3.49512 -0.0220826
3.49609 -0.0223541
3.49707 -0.0226206
3.49805 -0.0228879
3.49902 -0.0231579
3.5 -0.0234275
3.50098 -0.0234295
3.50195 -0.0233984
3.50293 -0.0233936
3.50391 -0.0232995
3.50488 -0.023295
3.50586 -0.0232587
3.50684 -0.0231472
3.50781 -0.0230292
3.50879 -0.0230154
3.50977 -0.0229886
3.51074 -0.0229264
3.51172 -0.0228814
3.5127 -0.0227544
3.51367 -0.0226158
3.51465 -0.0224896
3.51562 -0.0223367
3.5166 -0.0223089
3.51758 -0.0222851
3.51855 -0.0222303
3.51953 -0.0222073
3.52051 -0.0221297
3.52148 -0.0220543
3.52246 -0.022002
3.52344 -0.0219403
3.52441 -0.0217999
3.52539 -0.021651
3.52637 -0.021508
3.52734 -0.0213387
3.52832 -0.0212013
3.5293 -0.0210548
3.53027 -0.0208851
3.53125 -0.0207151
3.53223 -0.02067
3.5332 -0.0206335
3.53418 -0.0205784
3.53516 -0.0205605
3.53613 -0.0204878
3.53711 -0.0204239
3.53809 -0.0203907
3.53906 -0.0203529
3.54004 -0.0202619
3.54102 -0.0201705
3.54199 -0.0200887
3.54297 -0.0199928
3.54395 -0.0199285
3.54492 -0.0198631
3.5459 -0.0197857
3.54688 -0.0197143
3.54785 -0.0195636
3.54883 -0.0194028
3.5498 -0.0192515
3.55078 -0.0190741
3.55176 -0.0189206
3.55273 -0.0187579
3.55371 -0.018574
3.55469 -0.0183877
3.55566 -0.0182373
3.55664 -0.0180838
3.55762 -0.0179192
3.55859 -0.0177613
3.55957 -0.0175778
3.56055 -0.0173914
3.56152 -0.0172101
3.5625 -0.0170211
3.56348 -0.0169698
3.56445 -0.0169328
3.56543 -0.0168774
3.56641 -0.0168655
3.56738 -0.0168051
3.56836 -0.016758
3.56934 -0.0167465
3.57031 -0.0167354
3.57129 -0.0166624
3.57227 -0.0165923
3.57324 -0.0165381
3.57422 -0.0164702
3.5752 -0.0164434
3.57617 -0.0164189
3.57715 -0.0163836
3.57812 -0.0163588
3.5791 -0.0162718
3.58008 -0.0161799
3.58105 -0.0160999
3.58203 -0.0160019
3.58301 -0.0159264
3.58398 -0.015847
3.58496 -0.0157537
3.58594 -0.0156619
3.58691 -0.0156052
3.58789 -0.0155496
3.58887 -0.0154882
3.58984 -0.0154365
3.59082 -0.0153665
3.5918 -0.015298
3.59277 -0.0152376
3.59375 -0.0151745
3.59473 -0.0150302
3.5957 -0.0148765
3.59668 -0.0147305
3.59766 -0.0145577
3.59863 -0.0144143
3.59961 -0.0142615
3.60059 -0.0140859
3.60156 -0.0139091
3.60254 -0.013762
3.60352 -0.0136111
3.60449 -0.0134504
3.60547 -0.0132945
3.60645 -0.013115
3.60742 -0.0129322
3.6084 -0.012753
3.60938 -0.0125662
3.61035 -0.0124229
3.61133 -0.0122817
3.6123 -0.012131
3.61328 -0.0119919
3.61426 -0.0118346
3.61523 -0.011679
3.61621 -0.0115321
3.61719 -0.0113827
3.61816 -0.0112078
3.61914 -0.0110309
3.62012 -0.0108567
3.62109 -0.0106745
3.62207 -0.0105038
3.62305 -0.0103308
3.62402 -0.0101509
3.625 -0.00997171
3.62598 -0.00991833
3.62695 -0.00987908
3.62793 -0.00982638
3.62891 -0.00981476
3.62988 -0.00975813
3.63086 -0.00971523
3.63184 -0.00970694
3.63281 -0.00970008
3.63379 -0.00964381
3.63477 -0.00959241
3.63574 -0.00955618
3.63672 -0.0095108
3.6377 -0.00950251
3.63867 -0.00949838
3.63965 -0.00948732
3.64062 -0.00948749
3.6416 -0.00942374
3.64258 -0.00935639
3.64355 -0.0093027
3.64453 -0.00923154
3.64551 -0.00918609
3.64648 -0.00913795
3.64746 -0.00907655
3.64844 -0.00901826
3.64941 -0.0089972
3.65039 -0.00897869
3.65137 -0.00895566
3.65234 -0.00894399
3.65332 -0.00891489
3.6543 -0.00888867
3.65527 -0.00887223
3.65625 -0.00885433
3.65723 -0.00878067
3.6582 -0.00870206
3.65918 -0.00863024
3.66016 -0.00854098
3.66113 -0.0084746
3.66211 -0.00840322
3.66309 -0.00831709
3.66406 -0.00823185
3.66504 -0.00816832
3.66602 -0.00810364
3.66699 -0.00803369
3.66797 -0.00796854
3.66895 -0.00788851
3.66992 -0.00780771
3.6709 -0.00773083
3.67188 -0.00765014
3.67285 -0.00760353
3.67383 -0.00756016
3.6748 -0.00751138
3.67578 -0.00747298
3.67676 -0.00742266
3.67773 -0.00737516
3.67871 -0.00733595
3.67969 -0.00729653
3.68066 -0.00723994
3.68164 -0.00718352
3.68262 -0.00713079
3.68359 -0.00707383
3.68457 -0.00702707
3.68555 -0.00698033
3.68652 -0.00693013
3.6875 -0.00688211
3.68848 -0.00675801
3.68945 -0.00662459
3.69043 -0.00649942
3.69141 -0.00634914
3.69238 -0.0062237
3.69336 -0.00608949
3.69434 -0.00593437
3.69531 -0.00577746
3.69629 -0.0056522
3.69727 -0.00552369
3.69824 -0.00538507
3.69922 -0.00525215
3.7002 -0.00509554
3.70117 -0.00493607
3.70215 -0.0047808
3.70312 -0.0046182
3.7041 -0.00448832
3.70508 -0.00435957
3.70605 -0.00422269
3.70703 -0.00409414
3.70801 -0.0039516
3.70898 -0.00380965
3.70996 -0.00367376
3.71094 -0.0035355
3.71191 -0.0033764
3.71289 -0.00321509
3.71387 -0.00305543
3.71484 -0.00288885
3.71582 -0.00273076
3.7168 -0.00257031
3.71777 -0.00240379
3.71875 -0.00223723
3.71973 -0.00211199
3.7207 -0.0019901
3.72168 -0.00186256
3.72266 -0.00174765
3.72363 -0.00161561
3.72461 -0.00148689
3.72559 -0.00136871
3.72656 -0.00124955
3.72754 -0.00111317
3.72852 -0.000977177
3.72949 -0.000844844
3.73047 -0.000708333
3.73145 -0.000582761
3.73242 -0.000457326
3.7334 -0.00032841
3.73438 -0.000201956
3.73535 -5.08005e-05
3.73633 0.00010307
3.7373 0.000253437
3.73828 0.000411591
3.73926 0.0005617
3.74023 0.000714213
3.74121 0.000873004
3.74219 0.00103206
3.74316 0.00117914
3.74414 0.00132673
3.74512 0.00147736
3.74609 0.00162533
3.74707 0.001781
3.74805 0.00193706
3.74902 0.00209102
3.75 0.00224694
3.75098 0.00225297
3.75195 0.00224068
3.75293 0.00224395
3.75391 0.00219756
3.75488 0.00220098
3.75586 0.00218696
3.75684 0.00213133
3.75781 0.00207224
3.75879 0.0020735
3.75977 0.00206803
3.76074 0.00204281
3.76172 0.00202808
3.7627 0.00196716
3.76367 0.00190032
3.76465 0.00184114
3.76562 0.0017674
3.7666 0.00176135
3.76758 0.00175768
3.76855 0.00173741
3.76953 0.00173444
3.77051 0.0017024
3.77148 0.00167167
3.77246 0.00165361
3.77344 0.00163066
3.77441 0.00156512
3.77539 0.00149513
3.77637 0.00142856
3.77734 0.00134788
3.77832 0.00128471
3.7793 0.00121677
3.78027 0.00113646
3.78125 0.00105615
3.78223 0.00105114
3.7832 0.00105191
3.78418 0.00104209
3.78516 0.00105507
3.78613 0.00103611
3.78711 0.00102292
3.78809 0.00102873
3.78906 0.00103236
3.79004 0.00100444
3.79102 0.000976926
3.79199 0.000955714
3.79297 0.000926608
3.79395 0.00091708
3.79492 0.000907489
3.7959 0.000891258
3.79688 0.000879193
3.79785 0.000820895
3.79883 0.000757223
3.7998 0.000699707
3.80078 0.000627385
3.80176 0.000569713
3.80273 0.000507237
3.80371 0.000432752
3.80469 0.000357449
3.80566 0.000303991
3.80664 0.000249255
3.80762 0.000188544
3.80859 0.000132432
3.80957 6.16768e-05
3.81055 -1.01406e-05
3.81152 -7.83972e-05
3.8125 -0.000150618
3.81348 -0.000153864
3.81445 -0.000149682
3.81543 -0.000154511
3.81641 -0.000137428
3.81738 -0.000144118
3.81836 -0.000143966
3.81934 -0.00012584
3.82031 -0.000107204
3.82129 -0.00011958
3.82227 -0.000130239
3.82324 -0.000132708
3.82422 -0.00014183
3.8252 -0.000130125
3.82617 -0.00011706
3.82715 -0.00010923
3.82812 -9.58712e-05
3.8291 -0.000112778
3.83008 -0.000131847
3.83105 -0.000144796
3.83203 -0.000166291
3.83301 -0.000176569
3.83398 -0.000188513
3.83496 -0.000206974
3.83594 -0.000224486
3.83691 -0.000224468
3.83789 -0.000223622
3.83887 -0.000225406
3.83984 -0.000222135
3.84082 -0.000227616
3.8418 -0.000232132
3.84277 -0.000232364
3.84375 -0.000233703
3.84473 -0.000276281
3.8457 -0.000323405
3.84668 -0.00036632
3.84766 -0.000422724
3.84863 -0.000463905
3.84961 -0.000509591
3.85059 -0.00056673
3.85156 -0.000624228
3.85254 -0.000666236
3.85352 -0.000709901
3.85449 -0.000758406
3.85547 -0.000804121
3.85645 -0.000861736
3.85742 -0.00092076
3.8584 -0.000977675
3.85938 -0.00103826
3.86035 -0.00107645
3.86133 -0.00111331
3.8623 -0.00115483
3.86328 -0.00119016
3.86426 -0.00123447
3.86523 -0.00127776
3.86621 -0.00131632
3.86719 -0.00135591
3.86816 -0.00140827
3.86914 -0.00146143
3.87012 -0.00151296
3.87109 -0.00156832
3.87207 -0.00161758
3.87305 -0.00166774
3.87402 -0.00172121
3.875 -0.00177408
3.87598 -0.00174098
3.87695 -0.00169771
3.87793 -0.00166315
3.87891 -0.00160018
3.87988 -0.00156705
3.88086 -0.00152408
3.88184 -0.00145713
3.88281 -0.00138863
3.88379 -0.0013535
3.88477 -0.00131455
3.88574 -0.00126473
3.88672 -0.00122069
3.8877 -0.00115083
3.88867 -0.00107765
3.88965 -0.00100872
3.89062 -0.00093164
3.8916 -0.000896797
3.89258 -0.000863815
3.89355 -0.000821116
3.89453 -0.000789545
3.89551 -0.000740251
3.89648 -0.0006922
3.89746 -0.000652458
3.89844 -0.000610086
3.89941 -0.000542173
3.90039 -0.000471982
3.90137 -0.000404275
3.90234 -0.000328387
3.90332 -0.00026363
3.9043 -0.00019639
3.90527 -0.000122024
3.90625 -4.80812e-05
3.90723 -1.2552e-05
3.9082 2.00262e-05
3.90918 5.78648e-05
3.91016 8.40354e-05
3.91113 0.000126635
3.91211 0.000166249
3.91309 0.000196089
3.91406 0.000227038
3.91504 0.000273716
3.91602 0.000320112
3.91699 0.000363309
3.91797 0.000410393
3.91895 0.000447566
3.91992 0.000484706
3.9209 0.000525114
3.92188 0.000563359
3.92285 0.000625743
3.92383 0.000690881
3.9248 0.000752762
3.92578 0.000822342
3.92676 0.00088417
3.92773 0.00094846
3.92871 0.00101899
3.92969 0.00108989
3.93066 0.00114937
3.93164 0.00120946
3.93262 0.00127263
3.93359 0.00133335
3.93457 0.00140166
3.93555 0.00147048
3.93652 0.0015374
3.9375 0.00160634
3.93848 0.00162608
3.93945 0.00164024
3.94043 0.00166033
3.94141 0.00166454
3.94238 0.00168546
3.94336 0.00170117
3.94434 0.00170374
3.94531 0.00170565
3.94629 0.00172883
3.94727 0.00175041
3.94824 0.00176589
3.94922 0.00178563
3.9502 0.00179039
3.95117 0.0017938
3.95215 0.0018005
3.95312 0.00180292
3.9541 0.00182713
3.95508 0.00185259
3.95605 0.00187327
3.95703 0.00189987
3.95801 0.0019179
3.95898 0.00193683
3.95996 0.0019602
3.96094 0.00198255
3.96191 0.00199184
3.96289 0.00200021
3.96387 0.00201016
3.96484 0.00201612
3.96582 0.00202811
3.9668 0.00203908
3.96777 0.00204662
3.96875 0.00205464
3.96973 0.00209036
3.9707 0.00212883
3.97168 0.00216409
3.97266 0.00220819
3.97363 0.00224155
3.97461 0.00227762
3.97559 0.00232114
3.97656 0.00236455
3.97754 0.00239714
3.97852 0.00243052
3.97949 0.00246683
3.98047 0.00250091
3.98145 0.00254271
3.98242 0.00258513
3.9834 0.00262578
3.98438 0.00266858
3.98535 0.00269567
3.98633 0.00272151
3.9873 0.00275017
3.98828 0.00277424
3.98926 0.00280412
3.99023 0.00283294
3.99121 0.00285817
3.99219 0.00288374
3.99316 0.00291771
3.99414 0.00295187
3.99512 0.00298456
3.99609 0.00301953
3.99707 0.00304995
3.99805 0.00308064
3.99902 0.00311324
4 0.00314509
4.00098 0.00314299
4.00195 0.00313677
4.00293 0.0031337
4.00391 0.00311929
4.00488 0.0031166
4.00586 0.00310987
4.00684 0.0030935
4.00781 0.00307639
4.00879 0.00307192
4.00977 0.00306575
4.01074 0.00305519
4.01172 0.00304663
4.0127 0.00302786
4.01367 0.00300759
4.01465 0.00298875
4.01562 0.00296653
4.0166 0.00296128
4.01758 0.00295665
4.01855 0.00294795
4.01953 0.00294363
4.02051 0.00293194
4.02148 0.00292062
4.02246 0.00291254
4.02344 0.00290325
4.02441 0.00288352
4.02539 0.00286273
4.02637 0.0028428
4.02734 0.00281943
4.02832 0.00280042
4.0293 0.00278026
4.03027 0.00275708
4.03125 0.00273394
4.03223 0.00272477
4.0332 0.00271648
4.03418 0.00270607
4.03516 0.00269975
4.03613 0.00268713
4.03711 0.0026754
4.03809 0.00266709
4.03906 0.00265815
4.04004 0.00264327
4.04102 0.00262829
4.04199 0.00261427
4.04297 0.00259864
4.04395 0.00258644
4.04492 0.00257405
4.0459 0.00256026
4.04688 0.00254706
4.04785 0.00252462
4.04883 0.00250095
4.0498 0.00247829
4.05078 0.00245255
4.05176 0.00242951
4.05273 0.00240534
4.05371 0.00237863
4.05469 0.00235159
4.05566 0.0023286
4.05664 0.00230518
4.05762 0.00228041
4.05859 0.00225635
4.05957 0.00222924
4.06055 0.00220174
4.06152 0.00217475
4.0625 0.00214679
4.06348 0.00213969
4.06445 0.00213479
4.06543 0.00212722
4.06641 0.00212627
4.06738 0.002118
4.06836 0.00211178
4.06934 0.00211102
4.07031 0.00211037
4.07129 0.00210054
4.07227 0.00209123
4.07324 0.00208435
4.07422 0.00207551
4.0752 0.00207289
4.07617 0.00207068
4.07715 0.00206692
4.07812 0.00206483
4.0791 0.00205316
4.08008 0.00204079
4.08105 0.00203032
4.08203 0.00201712
4.08301 0.00200746
4.08398 0.00199724
4.08496 0.00198494
4.08594 0.00197292
4.08691 0.00196635
4.08789 0.00196001
4.08887 0.00195282
4.08984 0.00194719
4.09082 0.00193879
4.0918 0.00193066
4.09277 0.00192384
4.09375 0.00191665
4.09473 0.00189764
4.0957 0.00187732
4.09668 0.00185818
4.09766 0.00183516
4.09863 0.00181651
4.09961 0.00179656
4.10059 0.00177331
4.10156 0.00174994
4.10254 0.00173097
4.10352 0.0017115
4.10449 0.00169064
4.10547 0.00167055
4.10645 0.00164706
4.10742 0.00162314
4.1084 0.00159981
4.10938 0.00157541
4.11035 0.00155749
4.11133 0.00153993
4.1123 0.00152103
4.11328 0.0015039
4.11426 0.00148416
4.11523 0.0014647
4.11621 0.00144661
4.11719 0.0014282
4.11816 0.0014061
4.11914 0.00138376
4.12012 0.00136188
4.12109 0.00133887
4.12207 0.00131763
4.12305 0.00129611
4.12402 0.00127363
4.125 0.00125131
4.12598 0.00123915
4.12695 0.00122808
4.12793 0.0012159
4.12891 0.001207
4.12988 0.00119433
4.13086 0.00118272
4.13184 0.00117388
4.13281 0.0011651
4.13379 0.00115238
4.13477 0.00114001
4.13574 0.0011288
4.13672 0.00111684
4.1377 0.0011078
4.13867 0.00109905
4.13965 0.00108971
4.14062 0.00108124
4.1416 0.00106728
4.14258 0.00105294
4.14355 0.0010397
4.14453 0.00102491
4.14551 0.00101226
4.14648 0.000999312
4.14746 0.000985172
4.14844 0.000971236
4.14941 0.000960372
4.15039 0.00094966
4.15137 0.000938505
4.15234 0.000928243
4.15332 0.000916446
4.1543 0.000904828
4.15527 0.000893971
4.15625 0.000882927
4.15723 0.000867719
4.1582 0.000852106
4.15918 0.000836942
4.16016 0.000820445
4.16113 0.000805616
4.16211 0.000790373
4.16309 0.000773992
4.16406 0.000757638
4.16504 0.000742816
4.16602 0.000727864
4.16699 0.000712483
4.16797 0.000697407
4.16895 0.000681197
4.16992 0.000664884
4.1709 0.000648813
4.17188 0.000632416
4.17285 0.000618553
4.17383 0.000604893
4.1748 0.000590782
4.17578 0.000577414
4.17676 0.000563099
4.17773 0.000548955
4.17871 0.000535395
4.17969 0.000521777
4.18066 0.000506822
4.18164 0.000491838
4.18262 0.000477091
4.18359 0.000461981
4.18457 0.0004476
4.18555 0.000433177
4.18652 0.000418451
4.1875 0.000403848
4.18848 0.000382262
4.18945 0.00035978
4.19043 0.000337995
4.19141 0.000313871
4.19238 0.000291975
4.19336 0.000269232
4.19434 0.00024453
4.19531 0.000219618
4.19629 0.00019752
4.19727 0.000175074
4.19824 0.000151662
4.19922 0.000128714
4.2002 0.000103564
4.20117 7.81038e-05
4.20215 5.29713e-05
4.20312 2.71228e-05
4.2041 4.25057e-06
4.20508 -1.85639e-05
4.20605 -4.21733e-05
4.20703 -6.50595e-05
4.20801 -8.92864e-05
4.20898 -0.000113505
4.20996 -0.000137209
4.21094 -0.000161179
4.21191 -0.000187114
4.21289 -0.000213299
4.21387 -0.000239379
4.21484 -0.000266143
4.21582 -0.000292169
4.2168 -0.000318459
4.21777 -0.000345354
4.21875 -0.000372299
4.21973 -0.000395602
4.2207 -0.000418656
4.22168 -0.000442264
4.22266 -0.000464795
4.22363 -0.000488912
4.22461 -0.000512782
4.22559 -0.000535761
4.22656 -0.000558879
4.22754 -0.000583585
4.22852 -0.000608306
4.22949 -0.000632752
4.23047 -0.000657621
4.23145 -0.000681565
4.23242 -0.000705548
4.2334 -0.000729892
4.23438 -0.000754067
4.23535 -0.000780511
4.23633 -0.000807249
4.2373 -0.000833724
4.23828 -0.000860949
4.23926 -0.000887503
4.24023 -0.000914323
4.24121 -0.000941759
4.24219 -0.000969269
4.24316 -0.000995757
4.24414 -0.00102234
4.24512 -0.00104925
4.24609 -0.00107597
4.24707 -0.00110343
4.24805 -0.00113098
4.24902 -0.00115839
4.25 -0.00118603
4.25098 -0.00118443
4.25195 -0.00117924
4.25293 -0.00117703
4.25391 -0.00116512
4.25488 -0.00116296
4.25586 -0.00115737
4.25684 -0.00114363
4.25781 -0.00112922
4.25879 -0.00112644
4.25977 -0.00112231
4.26074 -0.00111433
4.26172 -0.00110834
4.2627 -0.00109336
4.26367 -0.0010772
4.26465 -0.00106248
4.26562 -0.0010449
4.2666 -0.00104071
4.26758 -0.00103698
4.26855 -0.00102996
4.26953 -0.00102636
4.27051 -0.00101699
4.27148 -0.00100787
4.27246 -0.00100125
4.27344 -0.000993655
4.27441 -0.000977648
4.27539 -0.000960757
4.27637 -0.00094453
4.27734 -0.000925511
4.27832 -0.000909941
4.2793 -0.000893423
4.28027 -0.000874457
4.28125 -0.00085548
4.28223 -0.000850814
4.2832 -0.000847211
4.28418 -0.000841564
4.28516 -0.000840226
4.28613 -0.000832757
4.28711 -0.000826353
4.28809 -0.000823537
4.28906 -0.000820271
4.29004 -0.000810981
4.29102 -0.000801737
4.29199 -0.000793656
4.29297 -0.000784044
4.29395 -0.000778119
4.29492 -0.00077215
4.2959 -0.000764888
4.29688 -0.000758385
4.29785 -0.000742999
4.29883 -0.000726552
4.2998 -0.000711249
4.30078 -0.000693078
4.30176 -0.00067768
4.30273 -0.00066133
4.30371 -0.000642647
4.30469 -0.000623775
4.30566 -0.000609047
4.30664 -0.000594041
4.30762 -0.000577858
4.30859 -0.000562521
4.30957 -0.000544349
4.31055 -0.000525941
4.31152 -0.00050818
4.3125 -0.000489626
4.31348 -0.000485138
4.31445 -0.00048215
4.31543 -0.000477317
4.31641 -0.000476944
4.31738 -0.000471692
4.31836 -0.000467823
4.31934 -0.000467614
4.32031 -0.000467493
4.32129 -0.000461054
4.32227 -0.000454955
4.32324 -0.00045051
4.32422 -0.000444702
4.3252 -0.000443124
4.32617 -0.000441812
4.32715 -0.000439425
4.32812 -0.000438153
4.3291 -0.000430644
4.33008 -0.000422676
4.33105 -0.00041595
4.33203 -0.000407453
4.33301 -0.000401251
4.33398 -0.000394691
4.33496 -0.000386776
4.33594 -0.000379043
4.33691 -0.000374894
4.33789 -0.0003709
4.33887 -0.000366352
4.33984 -0.000362827
4.34082 -0.00035749
4.3418 -0.000352337
4.34277 -0.000348049
4.34375 -0.000343518
4.34473 -0.000330637
4.3457 -0.000316825
4.34668 -0.000303849
4.34766 -0.000288133
4.34863 -0.000275484
4.34961 -0.000261912
4.35059 -0.000246011
4.35156 -0.000230024
4.35254 -0.000217152
4.35352 -0.000203932
4.35449 -0.000189721
4.35547 -0.000176059
4.35645 -0.000159981
4.35742 -0.000143604
4.3584 -0.00012764
4.35938 -0.000110921
4.36035 -9.87251e-05
4.36133 -8.67843e-05
4.3623 -7.38902e-05
4.36328 -6.22353e-05
4.36426 -4.87486e-05
4.36523 -3.54563e-05
4.36621 -2.31097e-05
4.36719 -1.05426e-05
4.36816 4.62322e-06
4.36914 1.99638e-05
4.37012 3.49858e-05
4.37109 5.07984e-05
4.37207 6.53854e-05
4.37305 8.01694e-05
4.37402 9.56349e-05
4.375 0.000110994
4.37598 0.000110703
4.37695 0.000108588
4.37793 0.000108078
4.37891 0.000102414
4.37988 0.000102227
4.38086 0.00010027
4.38184 9.39639e-05
4.38281 8.74035e-05
4.38379 8.69302e-05
4.38477 8.57862e-05
4.38574 8.26869e-05
4.38672 8.06605e-05
4.3877 7.3959e-05
4.38867 6.66756e-05
4.38965 6.01881e-05
4.39062 5.22394e-05
4.3916 5.20541e-05
4.39258 5.22367e-05
4.39355 5.0668e-05
4.39453 5.11651e-05
4.39551 4.84408e-05
4.39648 4.59716e-05
4.39746 4.50524e-05
4.39844 4.36781e-05
4.39941 3.76571e-05
4.40039 3.12466e-05
4.40137 2.53176e-05
4.40234 1.79189e-05
4.40332 1.25849e-05
4.4043 6.82355e-06
4.40527 -2.14516e-07
4.40625 -7.14774e-06
4.40723 -7.11813e-06
4.4082 -6.53299e-06
4.40918 -6.87407e-06
4.41016 -5.0841e-06
4.41113 -6.24222e-06
4.41211 -6.83821e-06
4.41309 -5.64457e-06
4.41406 -4.62924e-06
4.41504 -6.42811e-06
4.41602 -8.1528e-06
4.41699 -9.27757e-06
4.41797 -1.10803e-05
4.41895 -1.10713e-05
4.41992 -1.1033e-05
4.4209 -1.15611e-05
4.42188 -1.16758e-05
4.42285 -1.61374e-05
4.42383 -2.10747e-05
4.4248 -2.53996e-05
4.42578 -3.10953e-05
4.42676 -3.53641e-05
4.42773 -4.00558e-05
4.42871 -4.58545e-05
4.42969 -5.16968e-05
4.43066 -5.54486e-05
4.43164 -5.92901e-05
4.43262 -6.36634e-05
4.43359 -6.75721e-05
4.43457 -7.28317e-05
4.43555 -7.81606e-05
4.43652 -8.31225e-05
4.4375 -8.84274e-05
4.43848 -8.46201e-05
4.43945 -7.97579e-05
4.44043 -7.59639e-05
4.44141 -6.92102e-05
4.44238 -6.55187e-05
4.44336 -6.08404e-05
4.44434 -5.37092e-05
4.44531 -4.64307e-05
4.44629 -4.30493e-05
4.44727 -3.93464e-05
4.44824 -3.44931e-05
4.44922 -3.0399e-05
4.4502 -2.35134e-05
4.45117 -1.63539e-05
4.45215 -9.77238e-06
4.45312 -2.37757e-06
4.4541 1.01327e-06
4.45508 4.19921e-06
4.45605 8.29346e-06
4.45703 1.13178e-05
4.45801 1.59537e-05
4.45898 2.04499e-05
4.45996 2.41485e-05
4.46094 2.80635e-05
4.46191 3.44172e-05
4.46289 4.09671e-05
4.46387 4.72501e-05
4.46484 5.4297e-05
4.46582 6.02525e-05
4.4668 6.64228e-05
4.46777 7.32541e-05
4.46875 8.00215e-05
4.46973 8.17106e-05
4.4707 8.29216e-05
4.47168 8.47465e-05
4.47266 8.49705e-05
4.47363 8.72002e-05
4.47461 8.89554e-05
4.47559 8.93631e-05
4.47656 8.98179e-05
4.47754 9.22919e-05
4.47852 9.46473e-05
4.47949 9.64883e-05
4.48047 9.87654e-05
4.48145 9.96453e-05
4.48242 0.000100438
4.4834 0.000101582
4.48438 0.000102357
4.48535 0.000106053
4.48633 0.000110007
4.4873 0.000113465
4.48828 0.000117796
4.48926 0.000121082
4.49023 0.000124589
4.49121 0.000128785
4.49219 0.000132942
4.49316 0.000135579
4.49414 0.000138206
4.49512 0.00014113
4.49609 0.000143661
4.49707 0.000147055
4.49805 0.000150425
4.49902 0.00015347
4.5 0.00015668
4.50098 0.000156266
4.50195 0.000155395
4.50293 0.000154926
4.50391 0.000153258
4.50488 0.000152728
4.50586 0.000151776
4.50684 0.000149831
4.50781 0.000147785
4.50879 0.000147293
4.50977 0.000146644
4.51074 0.000145498
4.51172 0.000144632
4.5127 0.000142614
4.51367 0.000140457
4.51465 0.000138505
4.51562 0.000136198
4.5166 0.000135328
4.51758 0.000134495
4.51855 0.000133282
4.51953 0.000132422
4.52051 0.000130935
4.52148 0.000129458
4.52246 0.000128233
4.52344 0.000126888
4.52441 0.000124591
4.52539 0.00012218
4.52637 0.000119828
4.52734 0.00011715
4.52832 0.000114838
4.5293 0.000112406
4.53027 0.000109685
4.53125 0.000106948
4.53223 0.00010635
4.5332 0.000105926
4.53418 0.000105204
4.53516 0.000105134
4.53613 0.00010418
4.53711 0.000103397
4.53809 0.000103156
4.53906 0.000102864
4.54004 0.000101667
4.54102 0.000100488
4.54199 9.94976e-05
4.54297 9.82858e-05
4.54395 9.76428e-05
4.54492 9.70041e-05
4.5459 9.61806e-05
4.54688 9.54829e-05
4.54785 9.35234e-05
4.54883 9.14232e-05
4.5498 8.95001e-05
4.55078 8.71779e-05
4.55176 8.52626e-05
4.55273 8.32226e-05
4.55371 8.08608e-05
4.55469 7.84831e-05
4.55566 7.67156e-05
4.55664 7.49205e-05
4.55762 7.29678e-05
4.55859 7.11496e-05
4.55957 6.89354e-05
4.56055 6.66994e-05
4.56152 6.45691e-05
4.5625 6.23371e-05
4.56348 6.11797e-05
4.56445 6.01299e-05
4.56543 5.89199e-05
4.56641 5.80423e-05
4.56738 5.67925e-05
4.56836 5.56383e-05
4.56934 5.47518e-05
4.57031 5.38646e-05
4.57129 5.24551e-05
4.57227 5.10587e-05
4.57324 4.97832e-05
4.57422 4.83846e-05
4.5752 4.73097e-05
4.57617 4.62427e-05
4.57715 4.50763e-05
4.57812 4.39852e-05
4.5791 4.24498e-05
4.58008 4.08725e-05
4.58105 3.93744e-05
4.58203 3.77436e-05
4.58301 3.62604e-05
4.58398 3.47431e-05
4.58496 3.31229e-05
4.58594 3.15054e-05
4.58691 3.01343e-05
4.58789 2.87653e-05
4.58887 2.73475e-05
4.58984 2.59936e-05
4.59082 2.45022e-05
4.5918 2.30148e-05
4.59277 2.15798e-05
4.59375 2.01187e-05
4.59473 1.79233e-05
4.5957 1.56363e-05
4.59668 1.34125e-05
4.59766 1.09408e-05
4.59863 8.72175e-06
4.59961 6.41219e-06
4.60059 3.89094e-06
4.60156 1.35119e-06
4.60254 -9.24809e-07
4.60352 -3.2411e-06
4.60449 -5.65453e-06
4.60547 -8.02951e-06
4.60645 -1.0626e-05
4.60742 -1.32586e-05
4.6084 -1.58648e-05
4.60938 -1.8547e-05
4.61035 -2.08564e-05
4.61133 -2.31549e-05
4.6123 -2.55455e-05
4.61328 -2.7842e-05
4.61426 -3.03043e-05
4.61523 -3.2761e-05
4.61621 -3.51486e-05
4.61719 -3.75657e-05
4.61816 -4.02151e-05
4.61914 -4.28903e-05
4.62012 -4.55493e-05
4.62109 -4.82866e-05
4.62207 -5.09305e-05
4.62305 -5.36021e-05
4.62402 -5.63427e-05
4.625 -5.90851e-05
4.62598 -5.87468e-05
4.62695 -5.80432e-05
4.62793 -5.76574e-05
4.62891 -5.62548e-05
4.62988 -5.59108e-05
4.63086 -5.52149e-05
4.63184 -5.36633e-05
4.63281 -5.20543e-05
4.63379 -5.16595e-05
4.63477 -5.11307e-05
4.63574 -5.02094e-05
4.63672 -4.95014e-05
4.6377 -4.78625e-05
4.63867 -4.61066e-05
4.63965 -4.45081e-05
4.64062 -4.26179e-05
4.6416 -4.22059e-05
4.64258 -4.18579e-05
4.64355 -4.11668e-05
4.64453 -4.08639e-05
4.64551 -3.99406e-05
4.64648 -3.90591e-05
4.64746 -3.84666e-05
4.64844 -3.77808e-05
4.64941 -3.6195e-05
4.65039 -3.45274e-05
4.65137 -3.29458e-05
4.65234 -3.10749e-05
4.65332 -2.95936e-05
4.6543 -2.80234e-05
4.65527 -2.62011e-05
4.65625 -2.4392e-05
4.65723 -2.40195e-05
4.6582 -2.37602e-05
4.65918 -2.33058e-05
4.66016 -2.32893e-05
4.66113 -2.26647e-05
4.66211 -2.2154e-05
4.66309 -2.201e-05
4.66406 -2.18277e-05
4.66504 -2.10567e-05
4.66602 -2.02983e-05
4.66699 -1.96625e-05
4.66797 -1.8883e-05
4.66895 -1.84773e-05
4.66992 -1.80752e-05
4.6709 -1.75525e-05
4.67188 -1.71132e-05
4.67285 -1.57834e-05
4.67383 -1.43541e-05
4.6748 -1.30478e-05
4.67578 -1.14592e-05
4.67676 -1.01594e-05
4.67773 -8.77084e-06
4.67871 -7.15399e-06
4.67969 -5.52581e-06
4.68066 -4.32338e-06
4.68164 -3.10041e-06
4.68262 -1.76634e-06
4.68359 -5.25208e-07
4.68457 9.94546e-07
4.68555 2.53065e-06
4.68652 3.99384e-06
4.6875 5.52942e-06
4.68848 5.40956e-06
4.68945 5.10201e-06
4.69043 4.9952e-06
4.69141 4.35422e-06
4.69238 4.27365e-06
4.69336 4.01831e-06
4.69434 3.32161e-06
4.69531 2.60244e-06
4.69629 2.6023e-06
4.69727 2.54892e-06
4.69824 2.29019e-06
4.69922 2.17593e-06
4.7002 1.55663e-06
4.70117 8.92673e-07
4.70215 3.39932e-07
4.70312 -3.56083e-07
4.7041 -3.25457e-07
4.70508 -2.53277e-07
4.70605 -3.40662e-07
4.70703 -2.30617e-07
4.70801 -4.06152e-07
4.70898 -5.51994e-07
4.70996 -5.49635e-07
4.71094 -5.81659e-07
4.71191 -1.04989e-06
4.71289 -1.54909e-06
4.71387 -1.99548e-06
4.71484 -2.57541e-06
4.71582 -2.95368e-06
4.7168 -3.36627e-06
4.71777 -3.89377e-06
4.71875 -4.40523e-06
4.71973 -3.97334e-06
4.7207 -3.44788e-06
4.72168 -3.03092e-06
4.72266 -2.31306e-06
4.72363 -1.96014e-06
4.72461 -1.5144e-06
4.72559 -8.14709e-07
4.72656 -1.18444e-07
4.72754 2.09194e-07
4.72852 5.63825e-07
4.72949 1.01876e-06
4.73047 1.39805e-06
4.73145 2.04088e-06
4.73242 2.70494e-06
4.7334 3.30902e-06
4.73438 3.98647e-06
4.73535 4.13095e-06
4.73633 4.23302e-06
4.7373 4.43153e-06
4.73828 4.4745e-06
4.73926 4.71509e-06
4.74023 4.92025e-06
4.74121 5.00356e-06
4.74219 5.09917e-06
4.74316 5.48025e-06
4.74414 5.86831e-06
4.74512 6.20671e-06
4.74609 6.62284e-06
4.74707 6.88506e-06
4.74805 7.15683e-06
4.74902 7.49381e-06
4.75 7.80542e-06
4.75098 7.7414e-06
4.75195 7.63493e-06
4.75293 7.56108e-06
4.75391 7.36228e-06
4.75488 7.30544e-06
4.75586 7.20523e-06
4.75684 6.99722e-06
4.75781 6.78505e-06
4.75879 6.7002e-06
4.75977 6.59695e-06
4.76074 6.44926e-06
4.76172 6.32126e-06
4.7627 6.08669e-06
4.76367 5.83613e-06
4.76465 5.59977e-06
4.76562 5.32787e-06
4.7666 5.27695e-06
4.76758 5.23749e-06
4.76855 5.15097e-06
4.76953 5.12445e-06
4.77051 5.00605e-06
4.77148 4.89636e-06
4.77246 4.8325e-06
4.77344 4.75672e-06
4.77441 4.55447e-06
4.77539 4.34298e-06
4.77637 4.14594e-06
4.77734 3.90983e-06
4.77832 3.73235e-06
4.7793 3.54449e-06
4.78027 3.3228e-06
4.78125 3.10548e-06
4.78223 2.99552e-06
4.7832 2.89152e-06
4.78418 2.77176e-06
4.78516 2.6834e-06
4.78613 2.54361e-06
4.78711 2.4104e-06
4.78809 2.3037e-06
4.78906 2.19123e-06
4.79004 2.03617e-06
4.79102 1.88029e-06
4.79199 1.73081e-06
4.79297 1.56952e-06
4.79395 1.43302e-06
4.79492 1.29494e-06
4.7959 1.14654e-06
4.79688 1.00226e-06
4.79785 7.7896e-07
4.79883 5.45044e-07
4.7998 3.19439e-07
4.80078 6.7313e-08
4.80176 -1.61464e-07
4.80273 -4.0001e-07
4.80371 -6.60508e-07
4.80469 -9.23966e-07
4.80566 -1.15352e-06
4.80664 -1.38702e-06
4.80762 -1.63207e-06
4.80859 -1.87143e-06
4.80957 -2.13669e-06
4.81055 -2.40552e-06
4.81152 -2.67032e-06
4.8125 -2.94347e-06
4.81348 -2.89157e-06
4.81445 -2.80247e-06
4.81543 -2.75067e-06
4.81641 -2.59321e-06
4.81738 -2.5472e-06
4.81836 -2.46604e-06
4.81934 -2.29692e-06
4.82031 -2.12312e-06
4.82129 -2.08526e-06
4.82227 -2.03574e-06
4.82324 -1.94583e-06
4.82422 -1.88215e-06
4.8252 -1.72007e-06
4.82617 -1.54807e-06
4.82715 -1.39606e-06
4.82812 -1.21515e-06
4.8291 -1.18367e-06
4.83008 -1.16022e-06
4.83105 -1.10365e-06
4.83203 -1.0874e-06
4.83301 -1.01121e-06
4.83398 -9.40703e-07
4.83496 -9.00459e-07
4.83594 -8.52537e-07
4.83691 -7.15084e-07
4.83789 -5.7087e-07
4.83887 -4.36941e-07
4.83984 -2.75282e-07
4.84082 -1.54455e-07
4.8418 -2.61645e-08
4.84277 1.26071e-07
4.84375 2.75462e-07
4.84473 2.54169e-07
4.8457 2.16916e-07
4.84668 2.00182e-07
4.84766 1.29647e-07
4.84863 1.26981e-07
4.84961 1.084e-07
4.85059 4.44707e-08
4.85156 -1.77392e-08
4.85254 -1.26176e-08
4.85352 -1.14888e-08
4.85449 -2.74989e-08
4.85547 -2.89768e-08
4.85645 -7.71719e-08
4.85742 -1.283e-07
4.8584 -1.67699e-07
4.85938 -2.19458e-07
4.86035 -1.71765e-07
4.86133 -1.15231e-07
4.8623 -7.54437e-08
4.86328 -5.9006e-09
4.86426 2.80883e-08
4.86523 6.96475e-08
4.86621 1.34753e-07
4.86719 1.98596e-07
4.86816 2.10878e-07
4.86914 2.22909e-07
4.87012 2.45114e-07
4.87109 2.54028e-07
4.87207 2.92345e-07
4.87305 3.29933e-07
4.87402 3.56535e-07
4.875 3.88847e-07
4.87598 3.80353e-07
4.87695 3.6677e-07
4.87793 3.58947e-07
4.87891 3.38014e-07
4.87988 3.28644e-07
4.88086 3.14909e-07
4.88184 2.90741e-07
4.88281 2.65421e-07
4.88379 2.60919e-07
4.88477 2.55287e-07
4.88574 2.43924e-07
4.88672 2.36968e-07
4.8877 2.16357e-07
4.88867 1.94778e-07
4.88965 1.76578e-07
4.89062 1.54707e-07
4.8916 1.44048e-07
4.89258 1.3368e-07
4.89355 1.2008e-07
4.89453 1.09162e-07
4.89551 9.36715e-08
4.89648 7.81895e-08
4.89746 6.45105e-08
4.89844 4.99303e-08
4.89941 2.71527e-08
4.90039 3.35336e-09
4.90137 -1.99275e-08
4.90234 -4.60297e-08
4.90332 -6.90977e-08
4.9043 -9.323e-08
4.90527 -1.19837e-07
4.90625 -1.46636e-07
4.90723 -1.39612e-07
4.9082 -1.29187e-07
4.90918 -1.22852e-07
4.91016 -1.05768e-07
4.91113 -1.01415e-07
4.91211 -9.37638e-08
4.91309 -7.71212e-08
4.91406 -6.05355e-08
4.91504 -5.77991e-08
4.91602 -5.41716e-08
4.91699 -4.68634e-08
4.91797 -4.24713e-08
4.91895 -2.84393e-08
4.91992 -1.37139e-08
4.9209 -1.30345e-09
4.92188 1.37228e-08
4.92285 1.08062e-08
4.92383 6.45868e-09
4.9248 5.4002e-09
4.92578 -8.8372e-10
4.92676 -5.72341e-10
4.92773 -1.44355e-09
4.92871 -6.3916e-09
4.92969 -1.09328e-08
4.93066 -5.74051e-09
4.93164 -2.93953e-10
4.93262 3.46966e-09
4.93359 9.89356e-09
4.93457 1.11048e-08
4.93555 1.2655e-08
4.93652 1.64365e-08
4.9375 1.93714e-08
4.93848 1.82716e-08
4.93945 1.6839e-08
4.94043 1.5688e-08
4.94141 1.32226e-08
4.94238 1.27178e-08
4.94336 1.18051e-08
4.94434 9.70336e-09
4.94531 7.70712e-09
4.94629 6.65962e-09
4.94727 5.43817e-09
4.94824 3.89521e-09
4.94922 2.4874e-09
4.9502 1.67056e-10
4.95117 -2.29308e-09
4.95215 -4.64449e-09
4.95312 -7.30506e-09
4.9541 -6.43579e-09
4.95508 -5.26912e-09
4.95605 -4.67108e-09
4.95703 -3.01573e-09
4.95801 -2.6987e-09
4.95898 -2.11581e-09
4.95996 -6.8319e-10
4.96094 6.83637e-10
4.96191 3.21755e-10
4.96289 -4.40247e-11
4.96387 -7.19141e-11
4.96484 -5.44647e-10
4.96582 -1.4644e-11
4.9668 4.92873e-10
4.96777 6.30442e-10
4.96875 9.65033e-10
4.96973 8.38878e-10
4.9707 6.58718e-10
4.97168 5.88103e-10
4.97266 3.8395e-10
4.97363 2.70916e-10
4.97461 1.23916e-10
4.97559 -1.14236e-10
4.97656 -3.6392e-10
4.97754 -2.62494e-10
4.97852 -1.50236e-10
4.97949 -1.05404e-10
4.98047 3.40571e-11
4.98145 -2.1932e-12
4.98242 -2.71329e-11
4.9834 2.45537e-11
4.98438 4.80755e-11
4.98535 3.28157e-11
4.98633 1.91274e-11
4.9873 6.17319e-12
4.98828 -1.81296e-11
4.98926 -7.48439e-12
4.99023 1.69664e-12
4.99121 -1.35169e-12
4.99219 2.395e-12
4.99316 9.5288e-13
4.99414 -9.03171e-13
4.99512 8.45223e-14
4.99609 1.19313e-13
4.99707 -4.49937e-14
4.99805 5.94388e-15
4.99902 2.96109e-16
5 0
